ASC1/codg1030.03i
     1.0            IONOSPHERE MAPS     GPS                 IONEX VERSION / TYPE
ADDNEQ2 V5.0        AIUB                17-APR-03 22:50     PGM / RUN BY / DATE 
CODE'S GLOBAL IONOSPHERE MAPS FOR DAY 103, 2003             COMMENT             
Global ionosphere maps (GIM) are generated on a daily basis DESCRIPTION         
at CODE using data from about 150 GPS sites of the IGS and  DESCRIPTION         
other institutions. The vertical total electron content     DESCRIPTION         
(VTEC) is modeled in a solar-geomagnetic reference frame    DESCRIPTION         
using a spherical harmonics expansion up to degree and      DESCRIPTION         
order 15. Piece-wise linear functions are used for          DESCRIPTION         
representation in the time domain. The time spacing of      DESCRIPTION         
their vertices is 2 hours, conforming with the epochs of    DESCRIPTION         
the VTEC maps. Instrumental biases, so-called differential  DESCRIPTION         
P1-P2 code biases (DCB), for all GPS satellites and ground  DESCRIPTION         
stations are estimated as constant values for each day,     DESCRIPTION         
simultaneously with the 13 times 256, or 3328 parameters    DESCRIPTION         
used to represent the global VTEC distribution. The DCB     DESCRIPTION         
datum is defined by a zero-mean condition imposed on the    DESCRIPTION         
satellite bias estimates. P1-C1 bias corrections are taken  DESCRIPTION         
into account if needed. To convert line-of-sight TEC into   DESCRIPTION         
vertical TEC, a modified single-layer model mapping         DESCRIPTION         
function approximating the JPL extended slab model mapping  DESCRIPTION         
function is adopted. The mapping function is evaluated at   DESCRIPTION         
geodetic satellite elevation angles. For the computation of DESCRIPTION         
the ionospheric pierce points, a spherical layer with a     DESCRIPTION         
radius of 6821 km is assumed, implying geocentric, not      DESCRIPTION         
geodetic IONEX latitudes.                                   DESCRIPTION         
Note: These GIM results correspond to the results for the   DESCRIPTION         
middle day of a 3-day combination analysis solving for 37   DESCRIPTION         
times 256, or 9472 VTEC parameters and one common set of    DESCRIPTION         
satellite and 24-hour receiver DCB constants.               DESCRIPTION         
Contact address: stefan.schaer or igsauto @aiub.unibe.ch    DESCRIPTION         
Web site:        http://www.aiub.unibe.ch/ionosphere/       DESCRIPTION         
Data archive:    ftp://ftp.unibe.ch/aiub/CODE/              DESCRIPTION         
                 http://www.aiub.unibe.ch/download/CODE/    DESCRIPTION         
  2003     4    13     0     0     0                        EPOCH OF FIRST MAP  
  2003     4    14     0     0     0                        EPOCH OF LAST MAP   
  7200                                                      INTERVAL            
    13                                                      # OF MAPS IN FILE   
  NONE                                                      MAPPING FUNCTION    
    10.0                                                    ELEVATION CUTOFF    
One-way carrier phase leveled to code                       OBSERVABLES USED    
[...]
    -1                                                      EXPONENT            
TEC/RMS values in 0.1 TECU; 9999, if no value available     COMMENT             
Peak TEC values for the included maps:                      COMMENT             
 886  885  877  877  901  832  811  773  741  749  720  745 COMMENT             
 823                                                        COMMENT             
List of stations:                                           COMMENT             
albh algo alic alrt amc2 amun ankr aoml areq artu asc1 aspa COMMENT             
auck bahr bako bili bjfs bogt bor1 braz brmu brus cagl cas1 COMMENT             
cedu chat chur coco cord cro1 daej darw dav1 drao dubo dwh1 COMMENT             
eisl fair flin fort glps glsv gode gold gope gras graz guam COMMENT             
guat harb hers hob2 hofn holb holm hrao hyde iisc invk jab1 COMMENT             
jama joze karr kely kerg kiru kit3 kodk kokb kour kunm lama COMMENT             
lhas lpal lpgs mac1 madr mag0 mald mali mas1 mate maui maw1 COMMENT             
mcm4 mdo1 medi mets mkea monp morp nano nico nklg nlib not1 COMMENT             
noum nrc1 nril nssp nya1 ohi2 onsa pado pdel penc pert petp COMMENT             
pie1 pimo pol2 pots ptbb qaq1 quin rbay reso riog sant sch2 COMMENT             
scub sele sfer simo ssia stjo suth suwn syog thti thu3 tidb COMMENT             
tlse tow2 tro1 tskb twtf uclu urum usno usud vesl vill wes2 COMMENT             
whit will wtzr wuhn yakt yar2 yell yssk zeck zimm           COMMENT             
                                                            END OF HEADER       
[from data line 858]
     3                                                      START OF TEC MAP    
  2003     4    13     4     0     0                        EPOCH OF CURRENT MAP
    87.5-180.0 180.0   5.0 450.0                            LAT/LON1/LON2/DLON/H
  125  125  125  126  126  127  127  127  128  129  129  130  130  131  131  131
  132  132  132  132  131  131  131  130  130  129  129  128  128  127  127  126
  126  125  125  124  124  124  124  124  123  123  123  123  123  124  124  124
  124  124  124  124  125  125  125  125  125  125  125  125  125  125  125  125
  125  125  125  125  125  125  125  125  125
    85.0-180.0 180.0   5.0 450.0                            LAT/LON1/LON2/DLON/H
  121  120  120  121  121  122  123  124  126  128  130  131  133  135  136  137
  138  138  138  138  137  136  135  133  132  130  128  126  124  123  121  120
  119  118  118  118  117  117  117  118  118  118  119  119  120  120  121  121
  122  123  123  124  125  126  126  127  127  128  128  129  129  128  128  128
  127  126  126  125  124  123  122  121  121
    82.5-180.0 180.0   5.0 450.0                            LAT/LON1/LON2/DLON/H
  117  116  114  114  114  114  116  118  120  124  127  131  134  137  140  143
  144  145  145  144  142  140  136  133  129  125  121  118  115  112  110  109
  108  107  108  108  109  110  111  112  113  114  114  115  116  117  118  119
  120  122  123  125  127  128  130  132  134  135  136  137  137  137  137  136
  135  133  131  129  127  124  122  119  117
    80.0-180.0 180.0   5.0 450.0                            LAT/LON1/LON2/DLON/H
  118  114  111  108  107  107  108  110  113  117  121  126  132  137  141  145
  147  148  148  146  143  139  134  128  122  116  110  105  100   97   95   94
   94   95   96   98  101  103  105  107  109  110  112  113  113  114  115  117
  119  121  123  126  129  133  136  139  142  145  147  149  150  150  150  150
  148  146  143  140  136  131  127  122  118
    77.5-180.0 180.0   5.0 450.0                            LAT/LON1/LON2/DLON/H
  125  119  113  108  105  102  102  102  105  108  113  119  125  131  137  141
  144  146  145  143  139  133  126  118  110  103   95   89   85   81   80   80
   81   84   87   91   95   99  102  105  108  109  110  111  111  112  113  115
  117  120  124  129  133  138  143  148  152  155  159  161  163  164  165  165
  163  161  158  154  150  144  138  132  125
    75.0-180.0 180.0   5.0 450.0                            LAT/LON1/LON2/DLON/H
  138  130  123  115  109  104  101   99   99  101  105  109  115  121  126  131
  135  137  136  134  130  123  116  107   98   90   82   76   71   69   68   69
   72   76   81   86   92   97  101  105  107  108  109  109  109  109  110  113
  116  121  126  132  139  145  151  156  161  165  168  171  173  174  176  176
  176  174  172  169  165  160  153  146  138
    72.5-180.0 180.0   5.0 450.0                            LAT/LON1/LON2/DLON/H
  154  146  137  129  121  113  107  102   99   98   98  100  103  107  111  116
  119  121  122  120  117  111  104   96   88   80   73   68   64   62   63   65
   68   73   78   84   90   95  100  103  105  106  106  106  106  106  108  112
  117  124  131  139  147  154  160  165  168  171  173  175  176  178  179  180
  181  181  180  179  177  173  168  162  154
    70.0-180.0 180.0   5.0 450.0                            LAT/LON1/LON2/DLON/H
  168  162  154  145  136  128  119  111  105   99   95   92   91   92   94   97
  100  103  104  104  102   98   93   87   80   75   70   66   63   63   63   65
   68   72   77   82   87   92   96   99  101  102  102  102  102  104  107  113
  121  130  140  150  158  165  170  173  174  175  174  174  174  174  174  176
  177  178  180  181  181  180  178  174  168
    67.5-180.0 180.0   5.0 450.0                            LAT/LON1/LON2/DLON/H
  177  173  167  160  153  144  135  125  115  105   96   89   83   79   78   79
   81   84   87   89   89   87   85   81   77   73   70   68   67   67   67   67
   69   71   74   77   81   84   88   91   93   95   96   97   99  103  109  117
  128  140  153  164  172  178  181  181  179  176  173  170  167  166  165  166
  167  169  172  174  177  179  179  179  177
    65.0-180.0 180.0   5.0 450.0                            LAT/LON1/LON2/DLON/H
  177  177  174  170  165  158  149  139  127  115  102   90   79   71   67   65
   67   70   74   77   79   80   79   78   76   74   73   72   71   71   70   69
   68   68   68   69   71   74   77   80   84   87   90   93   97  104  113  125
  139  154  168  180  188  191  191  188  183  178  172  167  163  160  158  157
  157  158  160  163  167  170  174  176  177
    62.5-180.0 180.0   5.0 450.0                            LAT/LON1/LON2/DLON/H
  172  174  175  174  171  166  159  150  139  125  110   95   81   69   62   58
   59   62   66   71   74   76   76   75   75   74   73   73   72   71   69   67
   64   61   59   59   59   61   64   69   75   80   86   92   99  108  120  135
  152  169  184  196  202  204  201  196  189  182  176  170  166  162  158  155
  153  152  152  153  156  160  165  169  172
    60.0-180.0 180.0   5.0 450.0                            LAT/LON1/LON2/DLON/H
  166  169  171  171  170  168  163  156  147  134  119  102   86   73   63   58
   57   60   64   69   72   74   74   73   72   71   70   70   69   67   64   61
   57   53   50   48   48   50   54   61   68   77   85   94  103  115  129  146
  165  183  198  209  214  214  209  203  197  191  186  183  179  175  171  166
  161  156  153  151  152  154  157  161  166
    57.5-180.0 180.0   5.0 450.0                            LAT/LON1/LON2/DLON/H
  163  166  168  168  168  166  163  158  150  140  126  111   95   80   69   63
   61   62   66   69   72   72   71   68   66   65   63   62   61   59   56   52
   49   46   44   42   42   44   49   57   67   78   89  100  111  124  139  157
  176  194  209  218  222  220  216  211  207  205  204  204  204  201  196  190
  182  173  166  161  158  157  158  160  163
    55.0-180.0 180.0   5.0 450.0                            LAT/LON1/LON2/DLON/H
  170  171  171  169  167  165  161  157  151  143  132  119  104   90   78   70
   67   67   68   70   71   69   67   63   60   57   56   54   52   50   48   46
   44   43   42   42   42   45   50   59   71   84   97  109  121  134  149  166
  184  201  215  223  225  224  221  219  220  223  228  233  236  235  230  222
  212  201  191  182  175  171  169  169  170
    52.5-180.0 180.0   5.0 450.0                            LAT/LON1/LON2/DLON/H
  187  185  183  179  174  168  163  158  153  146  137  126  113  100   88   78
   72   69   69   68   68   65   62   58   55   52   51   49   48   47   45   45
   45   46   47   48   49   52   57   66   79   93  107  120  131  143  157  173
  190  206  217  224  227  226  226  229  235  244  254  263  268  269  265  257
  246  233  221  210  200  194  190  188  187
    50.0-180.0 180.0   5.0 450.0                            LAT/LON1/LON2/DLON/H
  211  208  203  197  189  180  172  165  158  152  144  134  123  110   97   85
   76   70   66   64   63   61   58   56   54   53   53   52   51   51   50   50
   52   54   57   59   60   62   68   77   89  104  118  131  141  152  165  179
  194  208  218  225  228  229  233  240  250  263  277  288  294  296  292  284
  274  262  250  238  228  221  216  213  211
    47.5-180.0 180.0   5.0 450.0                            LAT/LON1/LON2/DLON/H
  235  232  227  220  210  200  189  179  170  162  154  145  134  121  106   92
   79   69   62   59   58   57   58   58   59   61   62   63   63   62   62   61
   63   65   68   70   72   74   78   86   99  114  128  140  150  160  171  184
  198  211  220  227  231  235  241  251  265  279  293  304  309  310  307  300
  291  282  271  261  252  245  240  237  235
    45.0-180.0 180.0   5.0 450.0                            LAT/LON1/LON2/DLON/H
  252  250  247  242  234  223  212  199  187  177  167  158  147  133  117   99
   82   69   60   56   56   58   62   66   71   75   78   80   80   79   77   75
   74   76   78   79   80   82   86   94  107  123  137  149  158  167  178  191
  204  216  225  232  237  244  253  264  277  291  302  310  314  313  310  305
  299  292  285  277  269  261  257  254  252
    42.5-180.0 180.0   5.0 450.0                            LAT/LON1/LON2/DLON/H
  259  258  258  256  252  245  235  222  208  194  183  172  161  146  128  108
   89   73   62   58   59   64   71   78   85   91   95   97   97   95   91   86
   83   81   81   83   84   85   90   99  113  129  144  156  166  175  186  198
  211  223  232  240  248  256  266  277  289  299  306  311  312  311  309  306
  304  300  295  287  279  271  265  261  259
    40.0-180.0 180.0   5.0 450.0                            LAT/LON1/LON2/DLON/H
  256  255  256  258  260  259  254  242  227  212  197  185  173  159  141  120
   99   82   71   67   69   75   83   92  100  105  109  110  109  105   98   91
   85   80   79   80   82   85   91  101  117  134  151  163  174  183  195  207
  220  232  242  251  260  270  280  290  299  306  310  313  314  314  314  315
  316  314  310  301  290  278  268  260  256
    37.5-180.0 180.0   5.0 450.0                            LAT/LON1/LON2/DLON/H
  250  245  245  250  257  263  263  256  241  224  208  194  182  169  152  133
  113   97   87   83   85   90   97  104  110  114  115  114  111  106   98   89
   81   75   73   75   79   84   91  103  120  139  157  171  182  192  204  217
  229  241  252  262  273  285  295  304  311  316  320  324  328  333  338  343
  347  346  340  329  312  293  275  260  250
    35.0-180.0 180.0   5.0 450.0                            LAT/LON1/LON2/DLON/H
  252  240  235  238  248  259  265  261  247  229  211  197  185  173  159  143
  127  115  106  102  103  105  109  112  115  115  112  109  104   99   92   83
   75   69   68   71   77   84   93  106  124  144  163  178  190  201  213  225
  237  248  260  273  286  298  309  318  326  333  341  351  362  374  386  396
  402  402  394  377  353  325  297  272  252
    32.5-180.0 180.0   5.0 450.0                            LAT/LON1/LON2/DLON/H
  276  252  238  235  242  253  262  260  247  228  208  192  180  170  160  149
  138  130  124  120  118  117  117  115  113  110  105   99   94   89   85   79
   72   68   68   74   81   89   98  111  128  149  169  185  198  209  220  231
  243  254  267  281  296  310  323  335  346  360  376  395  417  439  459  474
  482  482  471  449  417  381  342  306  276
    30.0-180.0 180.0   5.0 450.0                            LAT/LON1/LON2/DLON/H
  328  293  267  252  250  256  262  260  247  225  202  183  170  161  154  147
  142  138  135  132  128  124  119  115  110  105   98   92   88   86   85   83
   79   77   79   85   93  100  106  116  132  152  173  190  204  215  226  236
  246  258  272  288  306  323  339  355  374  397  424  455  488  520  547  566
  576  576  563  538  503  460  414  369  328
    27.5-180.0 180.0   5.0 450.0                            LAT/LON1/LON2/DLON/H
  411  367  328  299  282  277  276  269  252  227  200  177  161  150  144  141
  139  139  138  135  131  125  119  114  110  107  102   98   96   96   99  100
   99   98  100  105  111  114  116  121  133  152  174  193  208  220  230  240
  250  262  278  297  317  337  357  380  408  442  480  522  564  603  635  657
  668  668  657  633  598  554  506  458  411
    25.0-180.0 180.0   5.0 450.0                            LAT/LON1/LON2/DLON/H
  517  469  420  375  341  321  308  294  272  242  210  181  159  144  136  133
  133  134  133  131  128  124  121  119  120  122  123  123  123  126  130  133
  133  130  129  131  132  129  124  123  131  149  171  192  209  223  234  244
  254  268  287  308  331  354  380  410  447  490  538  586  633  674  706  728
  740  742  735  717  688  650  607  563  517
    22.5-180.0 180.0   5.0 450.0                            LAT/LON1/LON2/DLON/H
  631  587  533  475  424  386  360  337  310  275  237  202  173  152  139  133
  130  129  127  126  125  127  129  135  144  155  164  169  171  174  177  179
  175  169  162  157  151  141  128  121  125  142  166  189  209  225  238  250
  263  279  300  325  350  376  407  444  488  537  588  637  682  720  748  767
  777  782  782  774  757  731  701  668  631
    20.0-180.0 180.0   5.0 450.0                            LAT/LON1/LON2/DLON/H
  735  701  649  585  520  467  428  397  365  326  284  242  206  178  159  147
  139  133  128  127  131  139  151  165  183  204  221  232  235  235  234  230
  220  206  191  178  165  147  129  116  118  134  159  185  208  227  243  258
  275  295  319  346  373  402  436  478  527  578  626  669  706  736  756  769
  777  784  792  796  794  785  772  756  735
    17.5-180.0 180.0   5.0 450.0                            LAT/LON1/LON2/DLON/H
  813  795  751  685  613  549  502  466  431  391  346  300  258  225  199  181
  166  153  143  142  152  168  188  210  235  263  287  301  304  298  290  277
  259  236  212  191  170  148  126  110  111  127  152  180  206  228  249  268
  290  314  342  370  398  429  466  511  560  607  648  681  707  726  737  742
  745  754  768  785  798  806  811  815  813
    15.0-180.0 180.0   5.0 450.0                            LAT/LON1/LON2/DLON/H
  856  854  823  762  688  620  569  532  497  458  413  367  324  287  258  235
  214  194  179  178  192  215  240  265  292  322  349  364  364  352  333  312
  284  252  221  193  169  144  121  106  106  122  148  176  203  229  254  279
  305  334  365  394  422  453  491  537  585  626  656  677  692  701  703  700
  699  706  725  751  777  799  820  840  856
    12.5-180.0 180.0   5.0 450.0                            LAT/LON1/LON2/DLON/H
  865  877  858  807  737  671  621  585  553  517  475  432  391  357  328  303
  278  253  235  233  250  276  301  322  344  371  396  409  404  384  357  327
  293  255  218  187  162  139  119  106  107  123  147  174  201  228  257  287
  318  351  384  413  441  472  510  556  599  633  654  666  673  677  673  665
  657  661  681  712  746  776  805  836  865
    10.0-180.0 180.0   5.0 450.0                            LAT/LON1/LON2/DLON/H
  849  869  861  819  758  697  652  620  590  557  519  481  447  419  396  374
  349  323  303  301  318  344  363  374  383  399  418  427  417  391  358  322
  285  245  208  177  154  135  120  111  113  126  147  171  197  225  256  290
  326  362  395  425  452  482  520  564  604  632  647  655  662  665  662  651
  639  637  654  685  721  753  783  816  849
     7.5-180.0 180.0   5.0 450.0                            LAT/LON1/LON2/DLON/H
  822  843  841  808  757  705  664  634  606  573  539  508  483  464  450  435
  414  390  372  370  386  407  416  410  402  403  413  417  403  373  337  301
  265  228  194  166  148  134  124  118  120  131  148  167  191  218  251  288
  326  364  398  427  453  483  521  563  600  625  639  650  663  675  677  667
  651  644  656  683  716  744  767  793  822
     5.0-180.0 180.0   5.0 450.0                            LAT/LON1/LON2/DLON/H
  799  815  814  789  747  703  667  636  604  568  534  508  492  484  479  473
  459  441  427  428  442  454  449  425  398  384  384  384  368  338  302  269
  239  209  181  159  144  136  129  126  127  134  146  162  183  210  243  280
  319  357  392  421  447  477  513  554  590  615  632  652  677  702  714  709
  692  681  686  708  735  756  769  782  799
     2.5-180.0 180.0   5.0 450.0                            LAT/LON1/LON2/DLON/H
  790  796  793  774  741  704  670  635  594  551  513  489  478  478  481  482
  477  467  459  462  473  478  459  419  375  348  341  339  324  296  264  237
  215  193  171  154  144  138  133  129  129  132  141  154  174  200  232  268
  306  344  379  408  435  464  500  539  574  601  625  657  696  736  761  763
  748  733  734  751  773  786  787  786  790
