ASC1/codg1030.03i
     1.0            IONOSPHERE MAPS     GPS                 IONEX VERSION / TYPE
ADDNEQ2 V5.0        AIUB                17-APR-03 22:50     PGM / RUN BY / DATE 
CODE'S GLOBAL IONOSPHERE MAPS FOR DAY 103, 2003             COMMENT             
Global ionosphere maps (GIM) are generated on a daily basis DESCRIPTION         
at CODE using data from about 150 GPS sites of the IGS and  DESCRIPTION         
other institutions. The vertical total electron content     DESCRIPTION         
(VTEC) is modeled in a solar-geomagnetic reference frame    DESCRIPTION         
using a spherical harmonics expansion up to degree and      DESCRIPTION         
order 15. Piece-wise linear functions are used for          DESCRIPTION         
representation in the time domain. The time spacing of      DESCRIPTION         
their vertices is 2 hours, conforming with the epochs of    DESCRIPTION         
the VTEC maps. Instrumental biases, so-called differential  DESCRIPTION         
P1-P2 code biases (DCB), for all GPS satellites and ground  DESCRIPTION         
stations are estimated as constant values for each day,     DESCRIPTION         
simultaneously with the 13 times 256, or 3328 parameters    DESCRIPTION         
used to represent the global VTEC distribution. The DCB     DESCRIPTION         
datum is defined by a zero-mean condition imposed on the    DESCRIPTION         
satellite bias estimates. P1-C1 bias corrections are taken  DESCRIPTION         
into account if needed. To convert line-of-sight TEC into   DESCRIPTION         
vertical TEC, a modified single-layer model mapping         DESCRIPTION         
function approximating the JPL extended slab model mapping  DESCRIPTION         
function is adopted. The mapping function is evaluated at   DESCRIPTION         
geodetic satellite elevation angles. For the computation of DESCRIPTION         
the ionospheric pierce points, a spherical layer with a     DESCRIPTION         
radius of 6821 km is assumed, implying geocentric, not      DESCRIPTION         
geodetic IONEX latitudes.                                   DESCRIPTION         
Note: These GIM results correspond to the results for the   DESCRIPTION         
middle day of a 3-day combination analysis solving for 37   DESCRIPTION         
times 256, or 9472 VTEC parameters and one common set of    DESCRIPTION         
satellite and 24-hour receiver DCB constants.               DESCRIPTION         
Contact address: stefan.schaer or igsauto @aiub.unibe.ch    DESCRIPTION         
Web site:        http://www.aiub.unibe.ch/ionosphere/       DESCRIPTION         
Data archive:    ftp://ftp.unibe.ch/aiub/CODE/              DESCRIPTION         
                 http://www.aiub.unibe.ch/download/CODE/    DESCRIPTION         
  2003     4    13     0     0     0                        EPOCH OF FIRST MAP  
  2003     4    14     0     0     0                        EPOCH OF LAST MAP   
  7200                                                      INTERVAL            
    13                                                      # OF MAPS IN FILE   
  NONE                                                      MAPPING FUNCTION    
    10.0                                                    ELEVATION CUTOFF    
One-way carrier phase leveled to code                       OBSERVABLES USED    
[...]
    -1                                                      EXPONENT            
TEC/RMS values in 0.1 TECU; 9999, if no value available     COMMENT             
Peak TEC values for the included maps:                      COMMENT             
 886  885  877  877  901  832  811  773  741  749  720  745 COMMENT             
 823                                                        COMMENT             
List of stations:                                           COMMENT             
albh algo alic alrt amc2 amun ankr aoml areq artu asc1 aspa COMMENT             
auck bahr bako bili bjfs bogt bor1 braz brmu brus cagl cas1 COMMENT             
cedu chat chur coco cord cro1 daej darw dav1 drao dubo dwh1 COMMENT             
eisl fair flin fort glps glsv gode gold gope gras graz guam COMMENT             
guat harb hers hob2 hofn holb holm hrao hyde iisc invk jab1 COMMENT             
jama joze karr kely kerg kiru kit3 kodk kokb kour kunm lama COMMENT             
lhas lpal lpgs mac1 madr mag0 mald mali mas1 mate maui maw1 COMMENT             
mcm4 mdo1 medi mets mkea monp morp nano nico nklg nlib not1 COMMENT             
noum nrc1 nril nssp nya1 ohi2 onsa pado pdel penc pert petp COMMENT             
pie1 pimo pol2 pots ptbb qaq1 quin rbay reso riog sant sch2 COMMENT             
scub sele sfer simo ssia stjo suth suwn syog thti thu3 tidb COMMENT             
tlse tow2 tro1 tskb twtf uclu urum usno usud vesl vill wes2 COMMENT             
whit will wtzr wuhn yakt yar2 yell yssk zeck zimm           COMMENT             
                                                            END OF HEADER       
[from data line 4719]
    12                                                      START OF TEC MAP    
  2003     4    13    22     0     0                        EPOCH OF CURRENT MAP
    87.5-180.0 180.0   5.0 450.0                            LAT/LON1/LON2/DLON/H
  149  148  148  147  147  146  145  145  144  143  142  142  141  140  139  138
  137  136  135  134  133  132  131  130  129  128  128  127  126  126  126  126
  126  126  126  127  127  128  129  129  130  131  132  133  135  136  137  138
  139  140  142  143  144  145  145  146  147  148  148  149  149  150  150  150
  150  150  150  150  150  150  149  149  149
    85.0-180.0 180.0   5.0 450.0                            LAT/LON1/LON2/DLON/H
  150  149  149  148  148  147  146  146  145  144  144  143  142  141  140  138
  137  135  133  131  129  126  124  122  120  118  116  114  113  112  111  110
  110  110  111  111  113  114  116  117  119  121  123  126  128  130  132  134
  136  138  140  142  144  145  147  148  149  150  151  152  152  153  153  154
  154  154  153  153  153  152  151  151  150
    82.5-180.0 180.0   5.0 450.0                            LAT/LON1/LON2/DLON/H
  145  145  144  144  143  143  143  143  144  144  144  144  144  144  143  142
  141  139  137  134  131  127  123  119  116  112  108  105  103  100   99   98
   97   97   98   99  100  102  105  107  110  112  115  118  120  123  125  128
  130  132  134  136  138  139  141  142  144  145  146  147  148  149  149  150
  150  150  149  149  148  148  147  146  145
    80.0-180.0 180.0   5.0 450.0                            LAT/LON1/LON2/DLON/H
  136  136  135  135  135  136  137  139  141  143  145  147  148  150  150  150
  150  148  146  143  139  134  129  124  118  113  108  103   99   95   93   91
   90   90   90   92   93   96   98  101  103  106  109  111  113  115  117  119
  120  121  123  124  125  126  128  129  130  132  133  135  136  137  138  139
  140  140  140  140  139  139  138  137  136
    77.5-180.0 180.0   5.0 450.0                            LAT/LON1/LON2/DLON/H
  126  126  126  126  127  129  131  134  137  141  145  149  153  156  159  160
  161  160  159  156  151  146  140  134  127  120  113  107  102   97   94   92
   90   90   90   91   92   94   96   98  100  102  104  105  106  107  107  107
  107  107  107  107  108  108  109  110  112  113  115  117  119  121  123  125
  126  128  128  129  129  128  128  127  126
    75.0-180.0 180.0   5.0 450.0                            LAT/LON1/LON2/DLON/H
  119  119  119  119  121  123  126  130  135  140  146  152  157  162  166  170
  172  173  172  170  166  161  155  147  139  131  124  117  111  106  102   99
   97   96   95   96   96   97   98   99  100  100  100  100   99   97   96   94
   92   91   89   89   88   88   89   90   92   93   96   98  101  104  107  110
  113  115  117  119  119  120  120  119  119
    72.5-180.0 180.0   5.0 450.0                            LAT/LON1/LON2/DLON/H
  116  116  117  117  119  121  125  129  134  140  147  153  160  166  171  176
  180  182  183  182  179  175  169  161  153  144  136  129  122  117  113  110
  107  105  104  103  102  102  101  101  100   98   96   94   91   88   84   81
   78   75   73   71   70   70   71   72   74   77   79   83   86   90   94   98
  102  106  109  112  114  115  116  116  116
    70.0-180.0 180.0   5.0 450.0                            LAT/LON1/LON2/DLON/H
  119  119  119  120  121  123  126  130  135  141  147  153  160  166  173  178
  183  187  190  191  189  186  180  173  165  156  148  141  135  130  125  122
  119  116  113  110  107  105  103  100   98   95   92   88   84   79   74   69
   65   62   59   58   57   58   59   61   63   66   70   73   78   82   87   92
   96  101  105  109  112  115  117  118  119
    67.5-180.0 180.0   5.0 450.0                            LAT/LON1/LON2/DLON/H
  124  125  126  126  127  129  131  134  138  142  147  153  158  164  170  177
  183  188  193  195  195  193  188  181  173  165  158  151  146  141  137  133
  129  124  119  114  109  105  101   97   94   90   86   82   77   72   66   61
   56   52   50   49   49   51   53   56   60   64   68   72   77   81   86   91
   96  101  106  110  114  118  121  123  124
    65.0-180.0 180.0   5.0 450.0                            LAT/LON1/LON2/DLON/H
  132  134  134  134  135  135  136  138  140  143  147  151  155  160  166  172
  179  186  192  196  198  197  193  187  179  171  165  159  155  151  148  143
  137  130  123  115  108  101   96   91   88   84   81   77   72   67   62   56
   51   48   46   46   47   50   54   58   63   68   73   77   82   87   92   97
  101  106  110  115  119  123  127  130  132
    62.5-180.0 180.0   5.0 450.0                            LAT/LON1/LON2/DLON/H
  141  142  142  142  142  142  142  142  143  144  146  148  151  155  160  167
  174  182  190  196  199  199  196  190  183  176  171  167  164  161  158  152
  144  135  124  113  103   95   89   85   81   79   76   74   70   66   61   56
   51   47   46   46   49   53   58   64   70   76   82   88   93   99  103  107
  111  115  118  122  127  131  135  138  141
    60.0-180.0 180.0   5.0 450.0                            LAT/LON1/LON2/DLON/H
  149  150  150  149  149  147  146  145  144  144  144  146  148  151  156  162
  170  179  187  195  200  201  199  194  188  182  178  175  174  172  168  161
  151  138  123  110   98   89   83   79   77   76   75   74   72   69   65   59
   54   50   49   49   52   57   64   70   77   85   92  100  107  113  118  122
  125  128  130  134  138  141  145  147  149
    57.5-180.0 180.0   5.0 450.0                            LAT/LON1/LON2/DLON/H
  159  158  157  156  154  152  150  148  146  144  143  144  145  148  153  159
  167  177  186  195  201  203  203  199  195  190  188  186  186  185  180  171
  158  141  123  107   94   85   80   77   76   77   77   78   78   76   72   67
   61   56   54   54   56   61   68   75   83   92  101  111  120  128  134  138
  141  144  146  149  152  155  157  158  159
    55.0-180.0 180.0   5.0 450.0                            LAT/LON1/LON2/DLON/H
  172  169  166  164  161  159  155  152  148  145  144  144  145  148  153  159
  167  177  187  196  203  207  208  207  204  202  200  200  200  198  192  180
  163  144  124  106   93   85   81   80   80   82   84   85   86   86   82   77
   71   65   61   60   61   65   71   79   87   97  108  120  131  141  149  155
  160  163  166  170  173  174  175  174  172
    52.5-180.0 180.0   5.0 450.0                            LAT/LON1/LON2/DLON/H
  189  184  179  175  171  168  163  158  153  149  146  146  147  150  155  161
  169  178  188  197  205  210  214  216  216  216  215  215  213  209  200  186
  167  145  124  106   95   88   86   86   88   90   93   95   97   97   94   89
   83   76   71   68   68   71   75   82   90  100  113  127  141  153  164  171
  178  184  189  194  198  199  198  194  189
    50.0-180.0 180.0   5.0 450.0                            LAT/LON1/LON2/DLON/H
  212  204  197  191  186  181  175  169  162  156  152  151  152  155  159  166
  173  182  190  199  206  214  221  226  229  230  229  227  222  214  202  185
  164  142  122  107   97   94   94   95   98  100  103  105  108  108  107  102
   96   89   84   80   79   80   82   87   94  104  118  133  149  163  175  186
  195  204  213  221  226  228  226  220  212
    47.5-180.0 180.0   5.0 450.0                            LAT/LON1/LON2/DLON/H
  239  229  220  212  206  199  192  184  175  167  162  159  160  162  166  172
  179  187  194  201  209  217  227  236  242  244  240  233  223  210  195  176
  155  134  117  106  100  100  102  105  108  110  113  115  117  118  118  115
  110  104  100   96   94   93   93   95  101  110  124  139  156  171  184  196
  209  222  235  247  255  258  256  249  239
    45.0-180.0 180.0   5.0 450.0                            LAT/LON1/LON2/DLON/H
  267  257  246  237  229  222  213  203  192  183  175  172  171  172  176  182
  189  195  201  206  212  221  232  245  253  254  247  233  215  196  177  158
  139  122  110  104  103  105  109  113  117  119  121  123  124  126  126  125
  123  120  118  116  114  111  109  109  112  119  132  147  163  177  191  204
  218  234  252  268  280  285  284  277  267
    42.5-180.0 180.0   5.0 450.0                            LAT/LON1/LON2/DLON/H
  293  283  273  263  255  246  237  226  213  202  193  187  185  185  189  195
  201  207  211  213  217  225  238  253  262  261  248  226  200  174  152  134
  119  108  102  101  105  110  115  120  123  126  127  128  130  131  133  134
  134  135  136  136  135  132  127  124  125  131  141  155  169  183  195  207
  222  241  262  282  297  304  305  301  293
    40.0-180.0 180.0   5.0 450.0                            LAT/LON1/LON2/DLON/H
  314  307  298  289  280  272  262  250  237  224  214  206  203  202  205  211
  218  224  225  225  226  232  245  261  270  267  247  216  181  150  126  111
  101   97   97  102  108  114  120  124  128  131  132  133  134  135  137  140
  143  147  152  155  155  151  145  140  138  141  150  162  175  187  197  208
  222  242  265  287  304  314  318  318  314
    37.5-180.0 180.0   5.0 450.0                            LAT/LON1/LON2/DLON/H
  328  326  320  313  305  297  289  277  263  249  238  229  224  222  224  230
  238  244  244  240  238  242  254  270  279  272  247  208  166  131  107   96
   92   94   99  107  115  120  124  128  131  135  137  137  137  138  140  145
  150  156  163  168  169  165  158  151  147  149  156  168  180  191  199  208
  221  240  262  284  302  314  322  327  328
    35.0-180.0 180.0   5.0 450.0                            LAT/LON1/LON2/DLON/H
  338  342  340  335  330  324  317  307  293  278  265  255  248  244  246  252
  261  266  265  259  253  254  265  280  289  280  250  206  159  123  102   96
   97  103  110  119  126  129  131  132  135  139  142  142  141  141  144  149
  155  162  169  175  176  172  164  155  150  151  158  169  183  194  203  210
  221  237  258  279  295  308  319  330  338
    32.5-180.0 180.0   5.0 450.0                            LAT/LON1/LON2/DLON/H
  346  356  360  358  356  354  349  340  326  311  296  285  275  270  269  275
  283  288  286  277  268  267  277  292  300  291  260  213  166  132  116  114
  119  125  131  137  141  142  140  139  141  145  148  148  147  147  150  154
  159  165  170  175  176  171  162  152  146  146  154  167  184  198  208  216
  224  239  257  275  290  302  315  331  346
    30.0-180.0 180.0   5.0 450.0                            LAT/LON1/LON2/DLON/H
  357  373  381  385  386  388  386  378  364  348  332  318  307  298  295  299
  306  309  305  294  283  280  289  304  313  305  274  229  185  156  147  150
  156  158  159  160  160  157  152  149  150  154  157  157  155  156  159  163
  166  168  170  172  170  164  154  144  137  137  145  161  183  203  217  226
  234  246  262  278  290  301  316  336  357
    27.5-180.0 180.0   5.0 450.0                            LAT/LON1/LON2/DLON/H
  373  394  407  415  422  428  429  422  408  390  373  357  343  331  324  324
  327  327  321  308  296  293  301  316  326  319  292  251  212  191  190  198
  202  197  188  182  178  173  167  162  162  166  169  168  167  168  173  177
  177  174  170  168  163  155  144  134  127  126  135  154  181  208  227  239
  249  261  276  290  301  311  326  348  373
    25.0-180.0 180.0   5.0 450.0                            LAT/LON1/LON2/DLON/H
  396  420  437  451  463  473  477  471  456  437  418  401  383  368  356  351
  349  345  335  320  308  305  313  327  337  332  308  272  242  230  237  248
  249  234  214  200  194  190  184  179  179  182  184  183  182  185  191  195
  193  184  175  167  158  148  137  126  118  117  126  147  179  213  239  255
  267  281  297  312  322  331  346  369  396
    22.5-180.0 180.0   5.0 450.0                            LAT/LON1/LON2/DLON/H
  424  450  471  489  506  520  526  520  505  486  467  448  429  410  394  382
  374  365  350  334  322  319  326  338  346  341  320  289  266  263  279  294
  289  264  232  211  205  206  204  201  201  203  205  203  201  205  212  217
  212  199  184  171  159  147  135  124  116  113  120  143  178  217  249  270
  285  303  322  340  352  361  375  397  424
    20.0-180.0 180.0   5.0 450.0                            LAT/LON1/LON2/DLON/H
  456  482  505  527  547  564  571  566  552  534  516  499  479  458  437  421
  407  390  371  352  340  337  342  350  354  346  324  297  279  285  309  327
  319  283  240  215  213  221  227  227  228  231  231  227  224  226  235  239
  233  216  197  180  165  151  138  127  118  114  119  140  177  219  256  281
  300  322  347  369  384  394  408  429  456
    17.5-180.0 180.0   5.0 450.0                            LAT/LON1/LON2/DLON/H
  486  512  536  560  582  600  608  604  591  577  564  550  532  510  487  467
  447  425  401  379  366  362  363  365  362  348  323  295  281  294  325  348
  337  293  243  216  221  240  254  259  262  264  264  257  250  249  255  259
  251  233  211  191  174  159  145  134  125  119  121  140  176  219  257  285
  308  335  366  394  413  426  440  460  486
    15.0-180.0 180.0   5.0 450.0                            LAT/LON1/LON2/DLON/H
  511  537  562  586  609  626  633  630  621  613  606  598  584  563  540  519
  496  470  441  416  401  394  391  384  371  350  320  289  276  293  330  358
  347  298  244  219  232  263  287  297  300  303  301  291  278  270  271  271
  262  243  221  201  183  166  152  141  132  124  124  139  172  214  253  283
  309  340  376  410  434  451  467  487  511
    12.5-180.0 180.0   5.0 450.0                            LAT/LON1/LON2/DLON/H
  530  556  581  604  625  640  646  644  640  639  641  640  631  614  593  573
  550  522  490  461  443  433  424  409  386  356  319  285  271  289  332  364
  355  305  250  229  252  293  325  338  342  343  340  326  305  288  280  275
  264  245  224  205  186  168  153  142  134  126  124  136  166  206  244  274
  303  338  378  416  445  465  484  505  530
    10.0-180.0 180.0   5.0 450.0                            LAT/LON1/LON2/DLON/H
  543  570  595  617  635  646  650  649  651  657  668  675  672  658  641  624
  604  576  543  511  489  475  460  438  406  368  327  290  274  293  337  373
  367  319  266  250  280  330  366  379  381  382  376  358  329  301  282  268
  254  236  218  200  182  163  147  136  128  121  119  129  157  194  231  262
  293  330  372  413  445  470  492  517  543
     7.5-180.0 180.0   5.0 450.0                            LAT/LON1/LON2/DLON/H
  552  581  606  626  640  648  650  651  656  669  687  700  702  693  679  665
  650  625  592  558  533  516  497  469  432  390  346  308  291  309  353  390
  387  341  292  280  316  369  406  416  414  411  404  382  345  306  275  253
  234  217  202  187  169  149  132  121  114  109  107  117  144  181  217  249
  281  319  362  403  437  466  493  522  552
     5.0-180.0 180.0   5.0 450.0                            LAT/LON1/LON2/DLON/H
  560  592  618  637  647  652  653  655  663  679  701  718  723  715  703  693
  683  663  631  597  570  551  530  500  461  419  378  342  325  339  380  415
  412  370  323  315  353  405  438  442  433  426  417  393  351  303  261  230
  208  191  179  167  151  130  112  100   94   90   91  102  129  166  204  238
  271  309  351  391  426  457  489  524  560
     2.5-180.0 180.0   5.0 450.0                            LAT/LON1/LON2/DLON/H
  566  602  631  649  658  661  661  664  673  690  712  730  735  727  714  706
  699  685  657  624  596  577  557  528  491  453  417  386  371  381  414  443
  438  397  353  347  383  431  456  451  434  422  412  388  344  291  242  204
  179  163  154  145  130  110   90   78   72   70   72   86  114  153  192  228
  263  301  341  379  413  447  484  524  566
