ASC1/codg1030.03i
     1.0            IONOSPHERE MAPS     GPS                 IONEX VERSION / TYPE
ADDNEQ2 V5.0        AIUB                17-APR-03 22:50     PGM / RUN BY / DATE 
CODE'S GLOBAL IONOSPHERE MAPS FOR DAY 103, 2003             COMMENT             
Global ionosphere maps (GIM) are generated on a daily basis DESCRIPTION         
at CODE using data from about 150 GPS sites of the IGS and  DESCRIPTION         
other institutions. The vertical total electron content     DESCRIPTION         
(VTEC) is modeled in a solar-geomagnetic reference frame    DESCRIPTION         
using a spherical harmonics expansion up to degree and      DESCRIPTION         
order 15. Piece-wise linear functions are used for          DESCRIPTION         
representation in the time domain. The time spacing of      DESCRIPTION         
their vertices is 2 hours, conforming with the epochs of    DESCRIPTION         
the VTEC maps. Instrumental biases, so-called differential  DESCRIPTION         
P1-P2 code biases (DCB), for all GPS satellites and ground  DESCRIPTION         
stations are estimated as constant values for each day,     DESCRIPTION         
simultaneously with the 13 times 256, or 3328 parameters    DESCRIPTION         
used to represent the global VTEC distribution. The DCB     DESCRIPTION         
datum is defined by a zero-mean condition imposed on the    DESCRIPTION         
satellite bias estimates. P1-C1 bias corrections are taken  DESCRIPTION         
into account if needed. To convert line-of-sight TEC into   DESCRIPTION         
vertical TEC, a modified single-layer model mapping         DESCRIPTION         
function approximating the JPL extended slab model mapping  DESCRIPTION         
function is adopted. The mapping function is evaluated at   DESCRIPTION         
geodetic satellite elevation angles. For the computation of DESCRIPTION         
the ionospheric pierce points, a spherical layer with a     DESCRIPTION         
radius of 6821 km is assumed, implying geocentric, not      DESCRIPTION         
geodetic IONEX latitudes.                                   DESCRIPTION         
Note: These GIM results correspond to the results for the   DESCRIPTION         
middle day of a 3-day combination analysis solving for 37   DESCRIPTION         
times 256, or 9472 VTEC parameters and one common set of    DESCRIPTION         
satellite and 24-hour receiver DCB constants.               DESCRIPTION         
Contact address: stefan.schaer or igsauto @aiub.unibe.ch    DESCRIPTION         
Web site:        http://www.aiub.unibe.ch/ionosphere/       DESCRIPTION         
Data archive:    ftp://ftp.unibe.ch/aiub/CODE/              DESCRIPTION         
                 http://www.aiub.unibe.ch/download/CODE/    DESCRIPTION         
  2003     4    13     0     0     0                        EPOCH OF FIRST MAP  
  2003     4    14     0     0     0                        EPOCH OF LAST MAP   
  7200                                                      INTERVAL            
    13                                                      # OF MAPS IN FILE   
  NONE                                                      MAPPING FUNCTION    
    10.0                                                    ELEVATION CUTOFF    
One-way carrier phase leveled to code                       OBSERVABLES USED    
[...]
    -1                                                      EXPONENT            
TEC/RMS values in 0.1 TECU; 9999, if no value available     COMMENT             
Peak TEC values for the included maps:                      COMMENT             
 886  885  877  877  901  832  811  773  741  749  720  745 COMMENT             
 823                                                        COMMENT             
List of stations:                                           COMMENT             
albh algo alic alrt amc2 amun ankr aoml areq artu asc1 aspa COMMENT             
auck bahr bako bili bjfs bogt bor1 braz brmu brus cagl cas1 COMMENT             
cedu chat chur coco cord cro1 daej darw dav1 drao dubo dwh1 COMMENT             
eisl fair flin fort glps glsv gode gold gope gras graz guam COMMENT             
guat harb hers hob2 hofn holb holm hrao hyde iisc invk jab1 COMMENT             
jama joze karr kely kerg kiru kit3 kodk kokb kour kunm lama COMMENT             
lhas lpal lpgs mac1 madr mag0 mald mali mas1 mate maui maw1 COMMENT             
mcm4 mdo1 medi mets mkea monp morp nano nico nklg nlib not1 COMMENT             
noum nrc1 nril nssp nya1 ohi2 onsa pado pdel penc pert petp COMMENT             
pie1 pimo pol2 pots ptbb qaq1 quin rbay reso riog sant sch2 COMMENT             
scub sele sfer simo ssia stjo suth suwn syog thti thu3 tidb COMMENT             
tlse tow2 tro1 tskb twtf uclu urum usno usud vesl vill wes2 COMMENT             
whit will wtzr wuhn yakt yar2 yell yssk zeck zimm           COMMENT             
                                                            END OF HEADER       
[from data line 5148]
    13                                                      START OF TEC MAP    
  2003     4    14     0     0     0                        EPOCH OF CURRENT MAP
    87.5-180.0 180.0   5.0 450.0                            LAT/LON1/LON2/DLON/H
  138  137  137  137  136  136  136  135  135  134  133  133  132  132  131  130
  130  129  128  127  127  126  125  124  124  123  123  122  122  121  121  121
  121  121  121  122  122  122  123  123  124  125  125  126  127  128  128  129
  130  131  131  132  133  133  134  135  135  136  136  137  137  137  138  138
  138  138  138  138  138  138  138  138  138
    85.0-180.0 180.0   5.0 450.0                            LAT/LON1/LON2/DLON/H
  140  140  139  139  139  138  138  137  137  136  136  135  134  133  132  131
  130  129  127  126  124  122  120  119  117  115  114  112  111  111  110  110
  109  110  110  111  111  112  114  115  116  117  119  120  122  123  124  126
  127  128  129  131  132  133  134  135  136  137  138  138  139  140  140  141
  141  141  141  141  141  141  141  141  140
    82.5-180.0 180.0   5.0 450.0                            LAT/LON1/LON2/DLON/H
  140  139  139  138  138  138  137  137  137  138  138  138  138  137  137  136
  135  133  131  128  126  123  119  116  113  110  107  104  102  100   99   98
   98   99   99  100  102  103  105  107  109  111  113  114  116  117  119  120
  122  123  124  126  127  128  129  131  132  133  134  135  136  137  138  139
  139  140  140  140  140  140  140  140  140
    80.0-180.0 180.0   5.0 450.0                            LAT/LON1/LON2/DLON/H
  137  136  136  136  135  136  136  137  138  139  140  142  143  144  145  144
  143  142  139  136  132  127  122  117  111  106  102   98   95   92   90   89
   89   90   91   92   94   96   99  101  103  105  107  108  110  111  112  113
  114  115  116  117  118  120  121  122  124  125  127  128  129  130  132  133
  134  135  135  136  137  137  137  137  137
    77.5-180.0 180.0   5.0 450.0                            LAT/LON1/LON2/DLON/H
  134  134  134  133  133  133  134  136  138  140  144  147  150  152  154  155
  155  153  150  146  140  134  127  120  113  106  100   94   90   87   85   83
   83   84   85   87   89   92   94   96   98  100  102  102  103  103  103  103
  104  104  105  106  107  109  111  112  114  116  117  119  120  121  122  124
  125  127  129  130  132  133  134  134  134
    75.0-180.0 180.0   5.0 450.0                            LAT/LON1/LON2/DLON/H
  133  133  133  132  132  132  133  135  138  142  147  152  157  161  164  166
  166  165  161  156  149  142  133  124  115  107   99   93   88   84   82   81
   81   81   83   84   86   89   91   92   94   95   96   96   95   94   94   93
   92   92   93   94   96   99  101  104  106  108  109  110  111  112  113  115
  117  119  122  124  127  130  132  133  133
    72.5-180.0 180.0   5.0 450.0                            LAT/LON1/LON2/DLON/H
  135  136  135  134  133  133  134  136  140  145  151  157  163  169  173  175
  176  174  170  164  157  148  138  127  117  108  100   93   88   84   82   81
   80   81   82   83   84   85   87   88   88   88   88   88   86   85   83   82
   81   81   82   85   88   92   95   99  102  104  105  106  106  106  107  108
  110  112  116  120  124  128  132  134  135
    70.0-180.0 180.0   5.0 450.0                            LAT/LON1/LON2/DLON/H
  140  140  140  138  137  136  136  138  142  147  153  160  167  173  178  180
  181  179  175  169  161  151  141  130  119  110  102   95   90   86   84   83
   82   82   82   82   81   81   81   81   81   80   79   78   77   75   73   72
   71   72   74   78   83   89   95  100  104  106  107  107  106  105  104  105
  106  109  113  118  124  129  134  138  140
    67.5-180.0 180.0   5.0 450.0                            LAT/LON1/LON2/DLON/H
  146  146  145  143  141  139  139  140  143  148  154  161  168  174  178  181
  181  180  176  170  162  152  142  132  121  112  104   98   93   90   88   86
   84   83   82   80   78   76   74   72   71   71   70   69   68   67   65   64
   64   66   70   75   83   91   99  106  111  113  114  113  111  109  108  108
  109  111  115  121  127  133  139  143  146
    65.0-180.0 180.0   5.0 450.0                            LAT/LON1/LON2/DLON/H
  152  153  151  149  145  142  141  141  143  148  154  160  166  171  175  177
  178  176  173  168  162  153  144  134  125  117  109  104   99   95   92   90
   87   84   81   78   74   70   66   64   62   61   61   61   61   60   59   59
   60   62   68   76   85   96  106  114  120  124  124  123  121  119  117  116
  117  119  122  127  133  139  145  149  152
    62.5-180.0 180.0   5.0 450.0                            LAT/LON1/LON2/DLON/H
  158  158  157  154  150  146  143  141  143  146  150  156  161  165  168  170
  172  172  170  167  163  156  148  140  132  124  117  112  107  102   98   94
   90   86   81   76   70   65   60   57   55   55   56   57   58   58   57   57
   58   62   68   77   89  101  113  123  130  134  135  135  134  132  131  131
  131  133  135  138  142  147  152  156  158
    60.0-180.0 180.0   5.0 450.0                            LAT/LON1/LON2/DLON/H
  164  164  163  159  154  149  145  142  141  143  146  150  154  158  161  164
  166  168  169  169  166  162  156  149  142  135  128  122  117  111  105   99
   93   87   81   75   68   62   57   54   52   53   55   57   59   60   60   59
   60   63   70   80   92  106  118  129  136  141  144  145  147  148  149  150
  151  152  153  154  156  158  161  163  164
    57.5-180.0 180.0   5.0 450.0                            LAT/LON1/LON2/DLON/H
  172  172  170  167  162  155  149  144  141  140  142  144  148  151  154  158
  162  167  170  173  174  172  168  162  155  148  142  135  128  120  112  105
   97   90   83   76   69   63   59   56   55   57   60   63   66   66   66   65
   64   67   73   83   95  109  121  132  139  145  149  153  159  164  169  173
  175  176  175  174  173  173  172  172  172
    55.0-180.0 180.0   5.0 450.0                            LAT/LON1/LON2/DLON/H
  184  182  181  178  173  166  158  150  144  140  139  140  143  146  150  156
  162  168  175  181  184  184  181  176  170  163  155  147  139  129  120  110
  101   93   85   79   73   68   64   63   63   66   70   74   76   77   75   73
   71   72   77   86   98  111  123  133  140  146  152  160  170  180  190  197
  202  203  201  198  195  191  188  185  184
    52.5-180.0 180.0   5.0 450.0                            LAT/LON1/LON2/DLON/H
  199  197  196  194  190  182  172  161  151  144  140  140  141  145  150  157
  165  174  182  190  195  197  195  190  183  175  167  158  148  137  125  114
  104   96   88   82   78   74   72   73   76   80   84   88   90   89   87   83
   80   79   83   90  101  114  125  134  141  147  155  166  181  196  211  222
  228  230  229  225  220  214  208  203  199
    50.0-180.0 180.0   5.0 450.0                            LAT/LON1/LON2/DLON/H
  219  216  216  215  212  204  192  178  164  153  146  143  144  148  155  162
  171  181  191  200  206  209  207  202  193  184  174  163  152  141  129  117
  107   98   91   86   82   81   81   84   89   95  100  103  105  103   99   94
   90   88   90   97  108  120  131  139  146  152  161  174  192  211  230  244
  252  256  256  253  248  241  233  225  219
    47.5-180.0 180.0   5.0 450.0                            LAT/LON1/LON2/DLON/H
  242  238  238  239  237  230  216  199  182  167  157  152  152  157  163  171
  180  190  200  209  216  219  217  209  199  187  175  163  151  140  128  117
  107   99   92   88   86   86   89   95  102  109  114  117  118  115  111  106
  101   99  101  107  117  130  141  150  156  162  171  185  204  226  246  262
  272  278  280  280  276  270  260  250  242
    45.0-180.0 180.0   5.0 450.0                            LAT/LON1/LON2/DLON/H
  266  261  261  263  263  256  241  222  202  184  172  165  165  169  176  184
  192  200  209  217  224  227  223  214  200  185  170  157  145  134  124  114
  106   99   93   89   88   90   95  103  111  119  125  128  128  126  122  118
  114  111  112  119  130  144  156  166  172  177  185  198  217  238  259  275
  287  295  300  303  303  298  288  276  266
    42.5-180.0 180.0   5.0 450.0                            LAT/LON1/LON2/DLON/H
  290  283  282  285  285  278  263  243  222  203  190  182  181  185  192  199
  205  211  218  226  233  234  229  216  198  180  162  147  135  125  116  109
  103   98   93   90   90   93   99  108  118  126  132  135  135  133  132  129
  125  123  124  131  143  158  173  185  192  196  202  213  229  249  268  284
  296  306  315  323  327  325  315  302  290
    40.0-180.0 180.0   5.0 450.0                            LAT/LON1/LON2/DLON/H
  313  304  301  303  302  294  279  259  239  221  208  201  200  204  210  216
  220  224  229  236  242  242  234  218  196  173  153  136  123  114  108  104
  101   98   95   93   93   96  103  112  122  130  135  137  138  139  139  138
  136  134  134  141  154  171  189  203  211  215  219  226  239  256  273  288
  301  313  326  338  347  348  341  327  313
    37.5-180.0 180.0   5.0 450.0                            LAT/LON1/LON2/DLON/H
  336  325  320  319  315  305  289  270  252  237  227  221  221  224  229  234
  236  238  242  247  253  251  241  220  195  169  147  128  115  105  101  100
  101  101  100   99  100  103  109  116  125  132  136  138  139  142  145  146
  144  141  140  146  160  179  199  215  225  229  232  237  246  260  275  289
  303  318  334  350  364  369  364  351  336
    35.0-180.0 180.0   5.0 450.0                            LAT/LON1/LON2/DLON/H
  363  351  342  336  327  313  295  277  262  251  245  242  242  245  249  252
  252  253  255  260  264  261  247  224  196  169  146  127  112  102   99  100
  104  108  109  110  112  114  118  123  129  134  137  138  140  144  149  152
  150  145  142  146  159  179  202  220  232  238  240  243  250  262  276  291
  306  323  342  362  379  388  387  377  363
    32.5-180.0 180.0   5.0 450.0                            LAT/LON1/LON2/DLON/H
  396  384  372  360  345  325  303  284  272  266  264  263  263  265  267  269
  268  267  269  272  274  268  252  227  199  174  153  134  118  107  103  106
  113  119  124  127  128  129  130  132  135  137  139  139  142  147  153  156
  153  145  139  140  152  172  196  217  232  239  242  246  252  264  279  296
  314  333  354  376  395  409  413  408  396
    30.0-180.0 180.0   5.0 450.0                            LAT/LON1/LON2/DLON/H
  438  426  412  396  373  346  319  298  287  284  285  286  285  285  285  285
  283  281  280  281  280  271  253  228  203  183  166  150  134  121  116  119
  127  136  142  146  148  148  146  145  144  144  143  143  145  150  156  158
  153  142  133  132  141  161  185  208  225  236  242  247  255  268  286  306
  327  349  371  394  415  433  443  444  438
    27.5-180.0 180.0   5.0 450.0                            LAT/LON1/LON2/DLON/H
  487  478  464  443  416  382  349  324  312  310  312  312  310  306  303  300
  296  292  288  286  280  268  248  225  206  195  186  174  158  143  136  138
  147  157  164  168  170  168  164  159  155  153  152  151  151  155  159  159
  151  138  126  122  130  148  171  195  216  232  242  251  262  278  299  323
  348  372  395  417  439  461  478  487  487
    25.0-180.0 180.0   5.0 450.0                            LAT/LON1/LON2/DLON/H
  540  535  523  502  472  434  395  365  349  345  345  343  337  329  321  315
  308  301  294  285  275  259  238  220  210  209  209  203  187  170  161  163
  171  181  187  191  191  188  181  173  168  165  163  161  160  161  162  159
  149  134  121  116  122  137  160  185  209  229  244  258  273  293  318  345
  374  400  423  445  468  493  517  534  540
    22.5-180.0 180.0   5.0 450.0                            LAT/LON1/LON2/DLON/H
  591  591  582  565  537  499  458  422  400  390  386  379  368  354  342  331
  321  310  298  283  267  248  229  216  215  224  233  232  217  199  188  190
  199  207  211  212  210  206  198  189  182  180  178  175  171  168  165  160
  148  132  119  113  118  132  153  179  206  231  251  270  290  313  341  372
  404  432  455  475  498  526  556  579  591
    20.0-180.0 180.0   5.0 450.0                            LAT/LON1/LON2/DLON/H
  634  637  634  624  604  572  531  491  461  444  433  420  404  384  366  351
  337  323  305  284  262  241  224  217  224  241  257  258  244  225  215  218
  228  234  234  232  228  222  214  204  198  196  195  190  182  175  168  160
  147  132  120  116  120  133  153  180  209  237  262  285  309  336  367  400
  433  462  485  505  528  558  591  619  634
    17.5-180.0 180.0   5.0 450.0                            LAT/LON1/LON2/DLON/H
  662  668  671  671  665  643  606  565  528  502  483  465  443  418  395  376
  360  341  318  292  266  244  230  228  240  261  278  279  264  245  237  244
  256  262  258  251  245  239  231  222  216  214  212  205  193  181  171  160
  147  133  124  122  126  138  158  184  215  246  274  301  329  359  391  426
  460  489  512  532  555  585  619  647  662
    15.0-180.0 180.0   5.0 450.0                            LAT/LON1/LON2/DLON/H
  675  681  689  702  712  705  677  636  593  559  533  510  484  457  430  408
  389  369  342  311  283  262  251  252  265  283  296  293  275  257  254  266
  282  289  283  272  264  258  250  242  235  232  227  218  202  186  172  159
  147  136  129  128  133  144  163  191  223  254  284  313  344  376  410  445
  479  509  533  553  576  606  638  663  675
    12.5-180.0 180.0   5.0 450.0                            LAT/LON1/LON2/DLON/H
  674  678  691  717  743  752  736  698  652  611  579  553  527  498  470  446
  427  405  376  344  315  295  287  288  296  306  309  298  277  261  263  283
  305  314  307  294  285  279  273  264  255  248  240  226  207  188  172  159
  147  137  132  131  136  147  167  194  227  258  288  319  351  386  421  456
  491  521  546  567  591  620  648  667  674
    10.0-180.0 180.0   5.0 450.0                            LAT/LON1/LON2/DLON/H
  666  667  683  719  759  784  778  745  699  654  620  593  568  540  512  488
  469  447  419  386  357  340  333  331  330  326  316  296  271  256  265  293
  323  337  331  317  308  304  298  287  274  261  247  229  207  187  170  157
  145  136  131  130  134  145  164  193  225  255  284  315  350  387  424  460
  494  526  553  576  601  628  653  665  666
     7.5-180.0 180.0   5.0 450.0                            LAT/LON1/LON2/DLON/H
  658  656  674  716  766  801  805  778  733  687  652  628  606  581  554  531
  512  492  465  432  404  387  379  371  359  341  317  288  260  247  261  297
  335  354  350  338  331  328  322  308  288  267  246  224  201  181  166  153
  142  133  126  123  125  135  156  184  216  244  272  302  339  379  419  456
  492  525  554  580  606  634  655  663  658
     5.0-180.0 180.0   5.0 450.0                            LAT/LON1/LON2/DLON/H
  657  655  673  716  770  810  819  796  754  711  678  658  641  619  594  571
  553  534  507  474  445  427  415  400  377  346  311  276  247  236  253  295
  339  363  364  354  348  347  341  322  295  265  237  212  190  172  159  149
  138  126  117  112  112  121  141  170  200  227  253  284  323  366  408  447
  484  519  551  580  610  638  658  664  657
     2.5-180.0 180.0   5.0 450.0                            LAT/LON1/LON2/DLON/H
  666  666  685  726  775  813  823  804  766  726  698  682  670  652  628  604
  585  566  539  505  474  451  434  411  378  339  300  264  236  226  245  288
  335  363  367  360  357  357  349  326  292  254  220  193  174  161  152  143
  132  119  107   98   96  104  124  152  181  207  232  263  303  349  394  435
  474  511  546  578  610  641  663  670  666
