ASC1/codg1030.03i
     1.0            IONOSPHERE MAPS     GPS                 IONEX VERSION / TYPE
ADDNEQ2 V5.0        AIUB                17-APR-03 22:50     PGM / RUN BY / DATE 
CODE'S GLOBAL IONOSPHERE MAPS FOR DAY 103, 2003             COMMENT             
Global ionosphere maps (GIM) are generated on a daily basis DESCRIPTION         
at CODE using data from about 150 GPS sites of the IGS and  DESCRIPTION         
other institutions. The vertical total electron content     DESCRIPTION         
(VTEC) is modeled in a solar-geomagnetic reference frame    DESCRIPTION         
using a spherical harmonics expansion up to degree and      DESCRIPTION         
order 15. Piece-wise linear functions are used for          DESCRIPTION         
representation in the time domain. The time spacing of      DESCRIPTION         
their vertices is 2 hours, conforming with the epochs of    DESCRIPTION         
the VTEC maps. Instrumental biases, so-called differential  DESCRIPTION         
P1-P2 code biases (DCB), for all GPS satellites and ground  DESCRIPTION         
stations are estimated as constant values for each day,     DESCRIPTION         
simultaneously with the 13 times 256, or 3328 parameters    DESCRIPTION         
used to represent the global VTEC distribution. The DCB     DESCRIPTION         
datum is defined by a zero-mean condition imposed on the    DESCRIPTION         
satellite bias estimates. P1-C1 bias corrections are taken  DESCRIPTION         
into account if needed. To convert line-of-sight TEC into   DESCRIPTION         
vertical TEC, a modified single-layer model mapping         DESCRIPTION         
function approximating the JPL extended slab model mapping  DESCRIPTION         
function is adopted. The mapping function is evaluated at   DESCRIPTION         
geodetic satellite elevation angles. For the computation of DESCRIPTION         
the ionospheric pierce points, a spherical layer with a     DESCRIPTION         
radius of 6821 km is assumed, implying geocentric, not      DESCRIPTION         
geodetic IONEX latitudes.                                   DESCRIPTION         
Note: These GIM results correspond to the results for the   DESCRIPTION         
middle day of a 3-day combination analysis solving for 37   DESCRIPTION         
times 256, or 9472 VTEC parameters and one common set of    DESCRIPTION         
satellite and 24-hour receiver DCB constants.               DESCRIPTION         
Contact address: stefan.schaer or igsauto @aiub.unibe.ch    DESCRIPTION         
Web site:        http://www.aiub.unibe.ch/ionosphere/       DESCRIPTION         
Data archive:    ftp://ftp.unibe.ch/aiub/CODE/              DESCRIPTION         
                 http://www.aiub.unibe.ch/download/CODE/    DESCRIPTION         
  2003     4    13     0     0     0                        EPOCH OF FIRST MAP  
  2003     4    14     0     0     0                        EPOCH OF LAST MAP   
  7200                                                      INTERVAL            
    13                                                      # OF MAPS IN FILE   
  NONE                                                      MAPPING FUNCTION    
    10.0                                                    ELEVATION CUTOFF    
One-way carrier phase leveled to code                       OBSERVABLES USED    
[...]
    -1                                                      EXPONENT            
TEC/RMS values in 0.1 TECU; 9999, if no value available     COMMENT             
Peak TEC values for the included maps:                      COMMENT             
 886  885  877  877  901  832  811  773  741  749  720  745 COMMENT             
 823                                                        COMMENT             
List of stations:                                           COMMENT             
albh algo alic alrt amc2 amun ankr aoml areq artu asc1 aspa COMMENT             
auck bahr bako bili bjfs bogt bor1 braz brmu brus cagl cas1 COMMENT             
cedu chat chur coco cord cro1 daej darw dav1 drao dubo dwh1 COMMENT             
eisl fair flin fort glps glsv gode gold gope gras graz guam COMMENT             
guat harb hers hob2 hofn holb holm hrao hyde iisc invk jab1 COMMENT             
jama joze karr kely kerg kiru kit3 kodk kokb kour kunm lama COMMENT             
lhas lpal lpgs mac1 madr mag0 mald mali mas1 mate maui maw1 COMMENT             
mcm4 mdo1 medi mets mkea monp morp nano nico nklg nlib not1 COMMENT             
noum nrc1 nril nssp nya1 ohi2 onsa pado pdel penc pert petp COMMENT             
pie1 pimo pol2 pots ptbb qaq1 quin rbay reso riog sant sch2 COMMENT             
scub sele sfer simo ssia stjo suth suwn syog thti thu3 tidb COMMENT             
tlse tow2 tro1 tskb twtf uclu urum usno usud vesl vill wes2 COMMENT             
whit will wtzr wuhn yakt yar2 yell yssk zeck zimm           COMMENT             
                                                            END OF HEADER       
[from data line 429]
     2                                                      START OF TEC MAP    
  2003     4    13     2     0     0                        EPOCH OF CURRENT MAP
    87.5-180.0 180.0   5.0 450.0                            LAT/LON1/LON2/DLON/H
  117  116  116  116  116  115  115  115  115  115  115  114  114  114  114  114
  113  113  113  112  112  111  111  111  110  110  109  109  109  109  109  109
  109  110  110  110  111  112  112  113  114  114  115  116  116  117  118  118
  119  119  119  120  120  120  120  121  121  121  121  121  120  120  120  120
  120  119  119  119  118  118  117  117  117
    85.0-180.0 180.0   5.0 450.0                            LAT/LON1/LON2/DLON/H
  117  117  116  115  115  115  115  115  115  116  116  117  117  118  118  118
  117  117  116  115  113  112  110  108  107  105  103  102  101  100  100  100
  101  101  102  104  105  107  109  111  113  115  117  118  120  121  122  123
  124  124  125  125  126  126  126  126  126  126  126  126  126  126  125  125
  124  124  123  122  121  120  119  118  117
    82.5-180.0 180.0   5.0 450.0                            LAT/LON1/LON2/DLON/H
  118  117  115  114  113  113  113  114  115  117  119  121  123  124  126  126
  126  126  124  122  119  116  112  108  104  100   96   93   91   90   89   89
   90   91   94   96  100  103  107  110  114  117  119  122  124  125  126  127
  128  128  128  128  128  129  129  129  129  130  130  130  131  131  131  131
  131  130  129  128  126  124  122  120  118
    80.0-180.0 180.0   5.0 450.0                            LAT/LON1/LON2/DLON/H
  122  119  116  113  112  111  111  113  115  118  122  125  129  132  135  137
  137  137  135  131  126  121  115  108  101   95   89   84   80   78   77   77
   79   82   85   90   95  100  105  110  115  119  122  125  127  128  128  128
  128  128  128  127  127  127  127  128  128  130  131  132  134  135  136  137
  138  138  137  136  134  132  129  125  122
    77.5-180.0 180.0   5.0 450.0                            LAT/LON1/LON2/DLON/H
  129  124  119  116  113  111  111  113  115  119  124  129  135  139  143  146
  147  146  143  138  132  124  116  107   98   89   82   76   71   68   67   68
   71   75   79   85   92   98  104  110  115  119  122  124  125  126  125  125
  124  123  122  122  122  122  123  124  125  127  130  132  135  138  141  143
  145  146  146  146  144  141  138  133  129
    75.0-180.0 180.0   5.0 450.0                            LAT/LON1/LON2/DLON/H
  139  133  127  122  118  115  114  115  118  122  127  132  138  143  147  150
  150  149  145  140  132  123  113  103   93   83   76   69   65   63   63   64
   67   71   77   83   89   95  101  107  111  114  117  118  118  117  117  116
  115  114  114  114  115  116  118  120  122  125  128  132  135  139  143  147
  150  153  155  155  154  152  149  144  139
    72.5-180.0 180.0   5.0 450.0                            LAT/LON1/LON2/DLON/H
  150  144  138  132  128  124  122  122  124  127  131  135  139  143  146  147
  146  144  139  133  125  116  106   96   87   78   72   67   64   63   63   65
   68   72   76   81   86   91   95   99  102  104  104  104  104  103  103  103
  103  104  106  108  111  114  116  119  122  125  128  132  136  140  144  148
  152  156  159  161  161  161  158  155  150
    70.0-180.0 180.0   5.0 450.0                            LAT/LON1/LON2/DLON/H
  160  155  150  145  140  136  134  132  133  134  136  138  139  140  139  138
  135  131  126  120  113  105   96   88   80   74   70   67   67   67   69   70
   72   74   76   79   81   83   85   86   87   87   86   86   85   85   86   88
   91   95  100  106  111  116  121  124  127  130  132  134  137  139  143  146
  150  154  158  162  164  165  165  163  160
    67.5-180.0 180.0   5.0 450.0                            LAT/LON1/LON2/DLON/H
  166  164  161  157  153  149  146  144  143  143  142  141  138  135  131  126
  121  115  110  104   98   92   85   79   75   71   70   70   72   74   76   77
   77   76   75   74   72   71   70   69   68   67   66   65   65   66   70   75
   82   91  100  109  118  125  131  135  138  139  139  139  140  140  141  144
  146  150  154  158  161  164  166  167  166
    65.0-180.0 180.0   5.0 450.0                            LAT/LON1/LON2/DLON/H
  169  169  168  165  162  159  157  154  153  151  148  144  138  131  123  114
  107  100   95   90   86   82   78   74   71   70   71   73   77   80   81   81
   79   75   70   66   61   58   55   52   50   48   46   46   48   52   58   67
   79   92  105  118  130  139  146  150  152  151  150  148  145  143  142  142
  143  145  148  152  156  161  165  167  169
    62.5-180.0 180.0   5.0 450.0                            LAT/LON1/LON2/DLON/H
  170  172  172  171  168  165  163  160  158  156  152  147  139  129  118  107
   98   91   86   83   80   78   75   72   71   70   72   76   79   82   83   81
   77   70   63   56   50   45   41   38   36   34   33   34   38   44   53   66
   81   98  114  130  144  154  162  165  166  165  162  158  154  150  147  145
  144  144  146  149  153  158  162  167  170
    60.0-180.0 180.0   5.0 450.0                            LAT/LON1/LON2/DLON/H
  172  175  175  174  171  167  164  161  159  157  154  149  141  131  119  107
   97   90   85   83   82   80   78   75   73   72   73   76   79   81   80   77
   71   63   55   47   42   37   34   32   31   30   30   32   37   45   56   71
   88  107  125  142  157  168  175  178  178  177  173  169  165  161  158  154
  152  150  151  152  155  159  164  169  172
    57.5-180.0 180.0   5.0 450.0                            LAT/LON1/LON2/DLON/H
  180  181  181  178  173  168  162  158  156  154  153  150  144  135  124  112
  102   96   92   91   90   88   85   81   77   75   74   75   76   76   74   70
   63   56   48   43   39   37   36   36   35   35   36   39   44   53   65   81
   98  117  135  152  166  177  184  187  188  186  184  182  179  177  174  171
  168  166  164  165  166  169  173  177  180
    55.0-180.0 180.0   5.0 450.0                            LAT/LON1/LON2/DLON/H
  194  194  192  187  180  171  163  156  152  151  151  151  148  141  131  121
  112  106  103  101  100   98   93   88   82   78   75   74   73   71   68   63
   57   51   46   43   43   43   45   47   48   49   50   53   58   66   78   92
  109  126  143  159  172  182  189  193  194  195  195  196  196  196  195  193
  191  188  187  186  187  188  190  192  194
    52.5-180.0 180.0   5.0 450.0                            LAT/LON1/LON2/DLON/H
  214  213  210  204  194  182  170  159  153  150  151  152  152  148  140  132
  123  117  113  111  108  105   99   93   87   82   79   76   73   69   65   60
   55   51   50   50   52   56   60   63   66   67   68   70   74   81   91  104
  117  132  147  162  175  186  193  198  201  204  207  211  215  218  219  219
  217  216  214  213  213  213  213  214  214
    50.0-180.0 180.0   5.0 450.0                            LAT/LON1/LON2/DLON/H
  238  236  233  227  216  202  186  172  162  157  156  157  157  155  149  141
  133  126  120  116  112  107  102   96   92   88   85   82   77   72   67   62
   58   57   58   61   65   71   76   80   83   84   85   86   89   95  103  113
  124  137  151  165  178  189  198  204  209  215  221  228  235  240  243  245
  244  243  242  241  240  239  239  238  238
    47.5-180.0 180.0   5.0 450.0                            LAT/LON1/LON2/DLON/H
  260  259  257  252  243  229  212  194  180  171  167  166  165  162  157  149
  140  131  123  116  110  105  101   98   96   95   94   91   86   80   73   69
   66   67   69   73   78   83   88   93   96   98   98   99  101  105  111  120
  130  141  154  168  183  196  206  215  222  229  238  247  256  263  267  268
  268  267  267  266  265  263  262  260  260
    45.0-180.0 180.0   5.0 450.0                            LAT/LON1/LON2/DLON/H
  275  275  276  274  269  257  241  223  206  194  185  180  176  171  164  156
  146  135  125  115  107  101   98   98  101  103  104  102   96   89   83   78
   76   77   79   83   86   91   95  100  103  105  106  107  108  111  117  125
  135  146  160  175  191  206  218  228  237  246  257  267  277  284  287  288
  288  288  287  286  285  282  279  277  275
    42.5-180.0 180.0   5.0 450.0                            LAT/LON1/LON2/DLON/H
  284  283  286  288  287  281  268  251  234  219  207  198  190  182  174  164
  153  141  128  116  106  100   98  101  106  111  113  111  105   98   91   87
   85   86   87   88   90   92   96  101  105  109  110  111  112  116  122  130
  141  154  169  185  202  218  232  243  253  264  275  287  296  302  305  306
  306  306  305  304  302  298  293  287  284
    40.0-180.0 180.0   5.0 450.0                            LAT/LON1/LON2/DLON/H
  289  285  286  291  294  293  285  272  257  242  228  216  205  195  186  176
  165  152  138  124  112  105  103  106  112  117  119  116  109  101   95   91
   90   91   91   90   90   91   94   99  105  110  113  114  115  119  126  137
  150  164  180  197  214  230  244  256  267  278  291  303  313  319  322  324
  325  326  326  325  321  315  306  297  289
    37.5-180.0 180.0   5.0 450.0                            LAT/LON1/LON2/DLON/H
  298  287  283  285  290  292  288  280  269  257  245  232  221  210  201  191
  181  168  154  140  127  118  114  115  118  120  118  113  106   99   94   92
   92   93   92   91   90   91   94  100  107  113  117  118  119  123  131  144
  159  176  192  208  224  238  251  262  274  287  302  316  328  335  340  344
  349  353  356  355  350  341  329  313  298
    35.0-180.0 180.0   5.0 450.0                            LAT/LON1/LON2/DLON/H
  320  298  284  280  281  282  280  276  269  262  254  245  235  226  218  210
  201  189  176  161  147  137  130  126  124  120  113  105   97   91   89   90
   92   94   95   95   95   97  100  107  114  120  123  124  124  127  137  151
  169  186  202  216  228  239  250  261  274  289  307  324  340  351  361  370
  381  391  397  398  394  384  368  346  320
    32.5-180.0 180.0   5.0 450.0                            LAT/LON1/LON2/DLON/H
  365  329  301  285  278  274  270  266  263  261  258  254  248  242  236  229
  220  210  197  183  169  156  146  138  129  119  107   96   88   84   85   89
   95   99  103  106  109  112  116  121  126  131  132  131  130  132  141  157
  176  194  208  219  227  235  244  255  269  287  308  331  351  368  384  402
  421  439  451  456  455  446  429  401  365
    30.0-180.0 180.0   5.0 450.0                            LAT/LON1/LON2/DLON/H
  435  386  344  314  295  282  270  262  259  259  261  262  261  258  254  246
  237  225  213  199  186  172  160  148  134  119  104   92   86   86   90   97
  105  112  120  127  133  137  140  141  143  144  142  139  135  135  144  160
  180  198  210  218  222  228  235  247  263  285  311  338  363  387  411  437
  466  493  513  524  527  524  509  479  435
    27.5-180.0 180.0   5.0 450.0                            LAT/LON1/LON2/DLON/H
  527  468  414  371  340  316  294  278  269  268  272  276  278  277  272  261
  247  233  219  206  193  181  170  157  143  127  112  102   99  102  109  117
  126  136  146  157  166  170  169  165  161  156  151  145  139  137  144  159
  179  196  208  214  217  222  230  244  263  288  317  349  379  408  439  473
  511  546  573  591  603  608  601  574  527
    25.0-180.0 180.0   5.0 450.0                            LAT/LON1/LON2/DLON/H
  628  567  506  456  417  382  350  322  305  297  297  301  303  301  292  275
  253  232  216  203  192  184  176  168  158  147  137  132  132  137  144  151
  159  169  181  193  203  205  199  188  176  165  157  148  140  136  140  154
  173  192  204  210  215  222  233  250  272  300  332  367  400  432  466  505
  548  588  621  646  667  684  690  672  628
    22.5-180.0 180.0   5.0 450.0                            LAT/LON1/LON2/DLON/H
  722  667  609  559  518  479  438  399  370  352  343  341  339  333  317  290
  258  230  209  196  189  185  184  184  184  182  181  182  187  192  196  199
  202  209  219  230  238  236  224  204  184  169  158  149  139  133  134  146
  165  185  199  209  218  230  247  268  294  323  357  392  426  458  491  530
  574  616  651  680  709  739  760  757  722
    20.0-180.0 180.0   5.0 450.0                            LAT/LON1/LON2/DLON/H
  793  750  703  663  630  593  549  502  461  430  409  397  388  374  349  312
  269  233  209  196  192  193  200  210  222  232  241  249  256  259  257  253
  250  251  256  262  265  258  239  212  186  168  156  147  138  129  128  138
  156  178  197  212  228  247  270  296  325  355  388  422  455  484  513  547
  587  625  658  688  723  764  800  813  793
    17.5-180.0 180.0   5.0 450.0                            LAT/LON1/LON2/DLON/H
  829  803  773  751  732  705  665  616  567  523  488  464  445  424  391  344
  293  251  225  213  211  217  230  250  272  293  310  323  330  328  319  307
  296  289  286  285  280  267  243  212  182  162  152  145  136  127  123  131
  149  172  196  219  242  268  298  329  359  390  422  455  485  510  532  558
  589  621  648  674  709  756  804  831  829
    15.0-180.0 180.0   5.0 450.0                            LAT/LON1/LON2/DLON/H
  826  818  808  807  808  797  768  723  670  617  570  534  507  479  440  387
  331  287  262  253  253  260  276  301  329  355  377  390  394  386  370  351
  333  319  306  295  283  264  237  204  174  156  148  143  136  126  120  125
  143  169  198  227  257  289  324  358  390  421  452  484  512  533  549  566
  587  610  629  648  678  725  777  815  826
    12.5-180.0 180.0   5.0 450.0                            LAT/LON1/LON2/DLON/H
  793  799  807  826  846  854  839  803  753  696  641  596  563  532  491  437
  382  341  321  315  316  322  335  358  384  409  427  437  436  423  402  379
  358  337  316  294  274  251  224  193  166  150  144  142  136  126  119  123
  140  168  200  234  269  305  342  378  411  441  473  506  535  554  564  574
  588  603  614  624  645  684  733  773  793
    10.0-180.0 180.0   5.0 450.0                            LAT/LON1/LON2/DLON/H
  747  760  780  812  848  870  869  846  804  749  691  642  607  576  537  487
  438  405  392  390  391  392  397  410  426  441  451  454  447  430  409  388
  367  344  315  285  257  232  208  182  159  145  142  142  137  126  118  122
  139  168  202  238  274  311  348  384  416  448  481  517  549  570  579  585
  596  607  613  616  625  652  690  725  747
     7.5-180.0 180.0   5.0 450.0                            LAT/LON1/LON2/DLON/H
  705  719  743  781  822  852  862  851  819  771  715  667  633  606  572  530
  489  466  461  463  462  456  450  448  447  446  443  437  425  410  393  379
  364  341  308  270  237  212  192  172  153  142  139  139  134  125  117  121
  138  168  203  238  272  306  341  375  407  440  477  517  555  580  593  601
  613  626  632  629  629  641  665  689  705
     5.0-180.0 180.0   5.0 450.0                            LAT/LON1/LON2/DLON/H
  686  695  716  749  787  816  830  827  806  767  717  672  641  618  591  556
  524  509  511  516  512  498  479  461  442  423  406  391  379  368  360  357
  351  332  296  253  217  194  179  164  149  138  134  133  129  120  114  118
  137  167  201  234  264  294  324  355  387  421  461  507  551  584  603  617
  635  655  666  664  658  658  668  679  686
     2.5-180.0 180.0   5.0 450.0                            LAT/LON1/LON2/DLON/H
  698  700  713  736  761  780  791  792  779  748  705  664  635  615  592  562
  536  526  530  535  529  508  479  447  411  377  348  329  320  317  321  329
  333  319  283  238  200  178  167  157  143  131  125  123  120  113  108  114
  134  164  197  227  253  277  302  331  361  397  440  490  540  580  607  629
  656  686  706  711  704  698  698  698  698
