BRFT/CODG2310.07I
     1.0            IONOSPHERE MAPS     GNSS                IONEX VERSION / TYPE
ADDNEQ2 V5.1        AIUB                24-AUG-07 02:29     PGM / RUN BY / DATE 
CODE'S GLOBAL IONOSPHERE MAPS FOR DAY 231, 2007             COMMENT             
Global ionosphere maps (GIM) are generated on a daily basis DESCRIPTION         
at CODE using data from about 150 GPS sites of the IGS and  DESCRIPTION         
other institutions. The vertical total electron content     DESCRIPTION         
(VTEC) is modeled in a solar-geomagnetic reference frame    DESCRIPTION         
using a spherical harmonics expansion up to degree and      DESCRIPTION         
order 15. Piece-wise linear functions are used for          DESCRIPTION         
representation in the time domain. The time spacing of      DESCRIPTION         
their vertices is 2 hours, conforming with the epochs of    DESCRIPTION         
the VTEC maps. Instrumental biases, so-called differential  DESCRIPTION         
P1-P2 code biases (DCB), for all GPS satellites and ground  DESCRIPTION         
stations are estimated as constant values for each day,     DESCRIPTION         
simultaneously with the 13 times 256, or 3328 parameters    DESCRIPTION         
used to represent the global VTEC distribution. The DCB     DESCRIPTION         
datum is defined by a zero-mean condition imposed on the    DESCRIPTION         
satellite bias estimates. P1-C1 bias corrections are taken  DESCRIPTION         
into account if needed. To convert line-of-sight TEC into   DESCRIPTION         
vertical TEC, a modified single-layer model mapping         DESCRIPTION         
function approximating the JPL extended slab model mapping  DESCRIPTION         
function is adopted. The mapping function is evaluated at   DESCRIPTION         
geodetic satellite elevation angles. For the computation of DESCRIPTION         
the ionospheric pierce points, a spherical layer with a     DESCRIPTION         
radius of 6821 km is assumed, implying geocentric, not      DESCRIPTION         
geodetic IONEX latitudes.                                   DESCRIPTION         
Note: These GIM results correspond to the results for the   DESCRIPTION         
middle day of a 3-day combination analysis solving for 37   DESCRIPTION         
times 256, or 9472 VTEC parameters and one common set of    DESCRIPTION         
satellite and 24-hour receiver DCB constants.               DESCRIPTION         
Contact address: stefan.schaer or igsauto @aiub.unibe.ch    DESCRIPTION         
Web site:        http://www.aiub.unibe.ch/ionosphere/       DESCRIPTION         
Data archive:    ftp://ftp.unibe.ch/aiub/CODE/              DESCRIPTION         
                 http://www.aiub.unibe.ch/download/CODE/    DESCRIPTION         
  2007     8    19     0     0     0                        EPOCH OF FIRST MAP  
  2007     8    20     0     0     0                        EPOCH OF LAST MAP   
  7200                                                      INTERVAL            
    13                                                      # OF MAPS IN FILE   
  NONE                                                      MAPPING FUNCTION    
    10.0                                                    ELEVATION CUTOFF    
One-way carrier phase leveled to code                       OBSERVABLES USED    
[...]
 320                                                        COMMENT             
List of stations:                                           COMMENT             
albh algo alic alrt amc2 amu2 artu aspa auck bahr bako bdos COMMENT             
bili bjfs bogo bor1 braz brft brmu brst brus cagl cagz cas1 COMMENT             
cedu chat chpi chur coco conz crar cro1 daej darr darw dav1 COMMENT             
davr dgar drao dubo ebre faa1 fair flin ganp glps glsv gode COMMENT             
godz gold gope goug gras graz guam guat harb hers hert hflk COMMENT             
hob2 holm hrao hyde ieng iisc invk irkj irkt jama joz2 joze COMMENT             
karr kely khaj kir0 kiru kokb kour lama lhaz lpal lpgs mac1 COMMENT             
madr mali mas1 mat1 mate maui mcm4 mdo1 mdvj medi mets metz COMMENT             
mizu mkea mobj monp mtka nano nisu nklg nlib novm npld nrc1 COMMENT             
nril nrmd nssp ntus nya1 ohi2 onsa opmt pado park pdel penc COMMENT             
pert pie1 pimo pol2 pots prds ptbb rabt ramo reso reun reyk COMMENT             
reyz rio2 sant sch2 scub sele sey1 sfer sofi spt0 ssia stjo COMMENT             
str2 sunm suth suwn sydn syog thu2 thu3 tidb tixi tixj tlse COMMENT             
tow2 trab tro1 tskb twtf uclu unb3 unbj unbt unsa urum usn3 COMMENT             
usno usud vill wab1 wab2 whit will wsrt wtza wtzj wtzl wtzr COMMENT             
wtzs wtzz wuhn yakt yar2 yell yibl yssk zamb zeck zimj zimm COMMENT             
zimt zwe2                                                   COMMENT             
                                                            END OF HEADER       
[from data line 1287]
     4                                                      START OF TEC MAP    
  2007     8    19     6     0     0                        EPOCH OF CURRENT MAP
    87.5-180.0 180.0   5.0 450.0                            LAT/LON1/LON2/DLON/H
   79   79   78   78   78   78   77   77   76   76   75   75   75   74   74   73
   73   72   72   72   71   71   71   70   70   70   70   70   70   70   70   70
   70   71   71   71   71   71   71   72   72   72   72   73   73   73   73   74
   74   74   74   75   75   75   76   76   76   77   77   77   77   78   78   78
   78   78   79   79   79   79   79   79   79
    85.0-180.0 180.0   5.0 450.0                            LAT/LON1/LON2/DLON/H
   81   81   80   80   79   79   78   77   76   75   74   73   72   71   70   69
   68   67   66   65   65   64   64   64   63   63   63   64   64   64   65   65
   66   66   67   67   68   68   68   69   69   70   70   70   70   71   71   71
   72   72   73   73   73   74   74   75   75   76   77   77   78   78   79   79
   79   80   80   80   81   81   81   81   81
    82.5-180.0 180.0   5.0 450.0                            LAT/LON1/LON2/DLON/H
   81   81   80   80   79   78   77   76   75   73   71   70   68   66   65   63
   61   60   59   58   57   57   56   56   56   56   56   57   57   58   59   60
   61   62   64   65   66   66   67   67   68   68   68   68   69   69   69   69
   69   70   70   71   71   72   73   73   74   74   75   76   76   77   77   78
   78   79   79   80   80   80   81   81   81
    80.0-180.0 180.0   5.0 450.0                            LAT/LON1/LON2/DLON/H
   79   79   78   78   77   76   75   73   72   69   67   65   63   60   58   56
   55   53   52   51   50   49   49   49   49   49   49   50   51   52   54   55
   57   60   62   63   65   66   67   68   68   68   68   68   68   68   68   68
   68   69   69   70   71   71   72   72   73   73   74   74   75   75   75   76
   76   76   77   77   78   78   78   79   79
    77.5-180.0 180.0   5.0 450.0                            LAT/LON1/LON2/DLON/H
   75   75   75   75   74   73   72   70   68   65   63   60   57   55   52   50
   49   47   46   46   45   45   44   44   43   43   43   43   44   45   48   50
   53   57   60   63   65   67   69   69   70   69   69   69   68   68   68   69
   69   70   71   71   72   73   73   73   74   74   74   74   74   73   73   73
   74   74   74   74   74   75   75   75   75
    75.0-180.0 180.0   5.0 450.0                            LAT/LON1/LON2/DLON/H
   72   72   72   72   71   70   68   66   64   61   58   55   52   49   47   45
   44   43   43   43   43   43   42   41   40   39   38   37   37   38   40   43
   48   52   57   62   66   69   71   72   72   71   71   70   70   70   70   71
   72   73   74   75   76   77   77   77   76   76   75   74   74   73   72   72
   72   72   71   71   71   71   72   72   72
    72.5-180.0 180.0   5.0 450.0                            LAT/LON1/LON2/DLON/H
   69   69   69   69   68   67   65   63   60   57   54   51   47   45   43   41
   41   41   41   42   43   43   43   42   39   36   33   30   28   28   30   34
   39   46   53   60   65   69   72   73   74   73   73   72   72   73   74   76
   77   79   80   81   82   82   82   81   80   79   78   76   75   74   73   72
   71   71   71   70   70   70   69   69   69
    70.0-180.0 180.0   5.0 450.0                            LAT/LON1/LON2/DLON/H
   69   68   68   67   66   65   63   60   57   54   50   47   44   41   40   39
   39   40   41   43   44   45   45   43   40   35   29   23   18   16   17   21
   28   36   46   55   63   68   72   74   74   74   74   74   75   77   79   81
   83   85   87   88   89   89   88   87   85   83   81   79   77   75   74   73
   73   72   72   71   71   70   70   69   69
    67.5-180.0 180.0   5.0 450.0                            LAT/LON1/LON2/DLON/H
   70   70   69   68   66   64   61   58   54   51   47   44   41   39   37   37
   37   38   40   43   45   47   47   44   40   33   24   15    7    3    2    6
   14   25   37   49   58   65   70   72   73   74   75   76   78   81   84   87
   89   91   93   94   94   94   94   92   90   88   85   82   79   77   76   75
   75   75   75   74   74   73   72   71   70
    65.0-180.0 180.0   5.0 450.0                            LAT/LON1/LON2/DLON/H
   74   73   72   70   67   64   60   56   52   48   45   41   39   37   35   35
   35   36   38   40   43   45   45   43   38   29   19    7    0    0    0    0
    0   13   27   41   53   61   66   69   71   73   75   78   82   85   89   92
   94   96   97   98   99   99   99   97   95   92   89   86   82   80   78   78
   78   78   78   79   78   78   77   76   74
    62.5-180.0 180.0   5.0 450.0                            LAT/LON1/LON2/DLON/H
   80   79   77   74   70   65   60   55   50   46   42   39   37   35   33   32
   32   32   33   35   37   39   41   39   34   25   13    0    0    0    0    0
    0    3   19   34   47   56   62   66   69   72   76   80   85   90   93   96
   97   98   99  100  101  102  102  102  100   98   94   90   86   83   81   80
   80   81   82   83   83   83   82   81   80
    60.0-180.0 180.0   5.0 450.0                            LAT/LON1/LON2/DLON/H
   87   85   83   79   74   68   61   55   49   44   40   37   35   33   32   30
   28   27   27   27   29   31   32   32   28   21    9    0    0    0    0    0
    0    0   13   30   43   53   59   64   68   72   78   84   90   94   97   98
   99   99   99  100  102  104  106  107  106  103  100   95   90   86   83   82
   82   84   85   87   88   88   88   88   87
    57.5-180.0 180.0   5.0 450.0                            LAT/LON1/LON2/DLON/H
   93   92   89   85   79   71   63   56   49   43   39   36   34   32   30   28
   25   22   20   19   19   20   22   23   22   16    7    0    0    0    0    0
    0    0   13   29   42   52   59   64   69   75   82   89   95   99  100  100
   99   98   99  100  103  106  109  111  112  110  106  101   95   90   86   84
   84   85   87   90   92   93   93   93   93
    55.0-180.0 180.0   5.0 450.0                            LAT/LON1/LON2/DLON/H
   98   98   96   91   85   76   67   58   51   45   40   37   34   31   29   26
   23   19   15   11   10   11   13   15   16   14    8    0    0    0    0    0
    0    1   17   31   44   53   61   67   74   81   89   96  101  104  104  102
  100   99   99  101  105  110  114  117  118  117  114  108  102   95   89   86
   85   86   89   91   94   95   97   98   98
    52.5-180.0 180.0   5.0 450.0                            LAT/LON1/LON2/DLON/H
  102  102  101   97   91   82   72   63   55   48   43   39   35   32   29   26
   22   17   12    8    5    5    7   10   13   14   12    6    0    0    0    0
    0   11   24   37   49   58   66   73   81   89   97  104  108  109  107  104
  101  100  101  105  109  114  118  122  124  124  121  116  109  101   94   89
   87   87   89   92   94   97   98  100  102
    50.0-180.0 180.0   5.0 450.0                            LAT/LON1/LON2/DLON/H
  103  105  105  102   97   88   78   69   61   54   49   44   39   35   31   28
   24   19   14    8    5    4    5    9   14   17   18   16   11    7    5    7
   13   22   33   44   55   65   74   82   91   99  107  112  114  113  110  107
  104  104  106  110  115  119  123  126  128  129  127  122  116  107  100   94
   90   89   90   92   95   97   99  101  103
    47.5-180.0 180.0   5.0 450.0                            LAT/LON1/LON2/DLON/H
  104  106  108  106  102   94   85   77   69   63   57   51   45   40   36   32
   28   23   19   14   10    8   10   13   18   23   26   26   25   22   21   22
   26   33   41   51   62   72   83   93  102  109  115  119  119  117  114  110
  109  110  113  117  121  124  126  128  130  132  131  128  122  114  106  100
   95   93   93   94   95   97   99  101  104
    45.0-180.0 180.0   5.0 450.0                            LAT/LON1/LON2/DLON/H
  103  106  108  109  106  100   92   85   78   72   67   61   54   48   43   38
   34   30   26   22   19   18   18   21   25   30   34   36   35   34   33   33
   35   39   46   56   67   79   91  102  111  118  122  124  123  120  117  114
  114  117  121  124  126  127  127  128  130  132  133  131  127  121  114  107
  102   99   97   97   97   98   99  100  103
    42.5-180.0 180.0   5.0 450.0                            LAT/LON1/LON2/DLON/H
  103  105  108  110  108  104   98   91   86   82   77   71   65   58   52   47
   42   38   35   32   30   29   29   31   33   37   40   42   42   40   38   37
   38   41   48   57   70   85   98  110  118  123  126  127  125  122  120  118
  120  123  127  129  129  128  127  127  129  131  133  134  131  127  121  115
  110  106  103  102  102  102  101  101  103
    40.0-180.0 180.0   5.0 450.0                            LAT/LON1/LON2/DLON/H
  104  105  108  110  109  106  101   96   92   89   86   81   75   69   62   57
   51   47   43   41   40   40   40   40   41   43   44   45   43   40   37   35
   36   39   46   57   72   88  103  114  121  125  127  127  126  124  122  121
  123  127  130  131  130  127  126  126  127  131  133  135  134  132  128  123
  119  115  112  111  110  109  107  105  104
    37.5-180.0 180.0   5.0 450.0                            LAT/LON1/LON2/DLON/H
  109  107  108  109  109  106  101   97   95   93   92   89   85   79   73   67
   61   55   50   48   48   48   48   48   47   46   46   44   40   36   31   29
   29   33   42   55   72   89  104  115  121  123  125  126  126  125  124  124
  125  128  130  130  128  126  125  126  128  132  135  137  138  137  135  132
  129  125  123  121  121  120  117  113  109
    35.0-180.0 180.0   5.0 450.0                            LAT/LON1/LON2/DLON/H
  118  112  110  109  108  105  100   96   94   94   94   93   91   87   83   76
   69   61   55   53   53   54   54   52   50   48   45   41   35   29   23   20
   22   27   38   53   71   89  103  112  117  119  121  124  126  126  125  125
  126  127  127  126  125  124  126  129  133  136  139  141  142  143  143  142
  140  137  135  135  136  136  132  126  118
    32.5-180.0 180.0   5.0 450.0                            LAT/LON1/LON2/DLON/H
  132  122  115  111  108  103   97   92   90   90   92   93   93   92   89   83
   75   66   59   55   55   56   56   54   51   47   43   38   30   22   16   13
   16   23   36   53   71   88  101  108  112  114  118  122  126  128  127  126
  125  125  124  123  123  125  130  136  141  144  146  146  148  150  152  152
  151  150  149  151  154  156  152  143  132
    30.0-180.0 180.0   5.0 450.0                            LAT/LON1/LON2/DLON/H
  150  135  123  116  109  102   94   87   84   85   87   89   91   91   91   87
   79   70   61   56   55   56   55   53   50   46   42   35   27   18   11    9
   13   23   37   54   72   87   98  103  106  109  115  123  128  131  130  127
  125  124  122  122  124  130  139  147  153  155  154  154  156  158  161  163
  164  164  165  169  175  179  176  165  150
    27.5-180.0 180.0   5.0 450.0                            LAT/LON1/LON2/DLON/H
  170  150  134  122  113  102   92   83   79   78   80   82   84   86   88   86
   80   71   63   57   55   55   54   52   49   46   41   35   27   17   11   10
   15   26   40   56   72   86   94   99  102  107  115  124  132  134  133  131
  128  126  125  125  130  139  151  161  166  166  164  163  165  168  172  175
  177  178  181  188  197  203  201  189  170
    25.0-180.0 180.0   5.0 450.0                            LAT/LON1/LON2/DLON/H
  191  167  146  131  118  104   91   81   75   72   72   73   75   78   80   81
   78   71   64   58   56   55   54   51   48   46   43   37   29   21   15   14
   20   31   45   59   73   85   92   96  100  107  117  128  136  139  138  136
  135  134  133  135  141  152  165  174  178  176  172  171  174  179  184  188
  190  192  197  206  218  227  226  213  191
    22.5-180.0 180.0   5.0 450.0                            LAT/LON1/LON2/DLON/H
  210  183  159  140  124  108   93   81   73   69   67   66   66   67   71   73
   73   69   64   60   57   56   54   51   49   48   46   41   34   27   22   22
   27   37   48   61   73   83   91   96  102  110  121  132  140  143  143  144
  145  146  148  150  157  168  179  186  187  182  178  178  182  189  195  200
  203  206  212  223  236  246  247  233  210
    20.0-180.0 180.0   5.0 450.0                            LAT/LON1/LON2/DLON/H
  224  195  169  147  129  113   97   83   74   68   64   60   58   58   61   64
   66   65   63   61   59   58   55   53   51   50   49   46   40   34   30   30
   34   41   51   61   72   82   91   98  106  115  126  136  143  147  150  153
  158  163  166  169  176  185  193  197  193  186  182  183  189  197  205  210
  214  219  226  237  250  261  261  248  224
    17.5-180.0 180.0   5.0 450.0                            LAT/LON1/LON2/DLON/H
  232  203  176  153  134  117  100   87   77   70   64   59   54   52   53   55
   59   60   61   61   60   59   57   55   54   53   53   51   46   41   37   37
   39   44   50   58   69   80   92  102  111  121  131  140  146  151  156  164
  174  182  187  190  195  201  206  205  198  189  184  186  194  204  213  219
  224  229  236  247  260  269  269  256  232
    15.0-180.0 180.0   5.0 450.0                            LAT/LON1/LON2/DLON/H
  234  206  179  156  137  119  103   90   80   72   66   60   54   50   49   50
   53   56   59   60   61   60   59   57   56   56   56   54   50   46   43   41
   42   43   47   55   66   80   94  107  118  127  136  143  148  154  162  175
  188  199  206  209  213  217  219  214  204  192  187  190  199  209  218  225
  231  236  243  253  264  271  270  257  234
    12.5-180.0 180.0   5.0 450.0                            LAT/LON1/LON2/DLON/H
  231  205  179  156  137  120  105   92   82   75   69   63   58   53   50   49
   51   53   56   58   60   60   59   58   58   57   57   55   52   49   46   44
   42   42   44   50   63   79   97  112  123  132  139  144  149  157  168  184
  200  213  220  224  227  231  231  225  212  199  193  194  203  213  222  229
  235  241  248  255  263  268  265  252  231
    10.0-180.0 180.0   5.0 450.0                            LAT/LON1/LON2/DLON/H
  225  201  177  154  135  118  104   92   83   76   71   68   64   60   55   53
   52   53   55   57   58   58   58   58   58   57   56   55   52   50   48   45
   42   39   40   47   61   80  100  116  127  135  140  144  150  160  174  191
  209  222  229  233  237  242  244  238  225  211  203  202  207  215  223  230
  237  244  250  255  259  261  256  244  225
     7.5-180.0 180.0   5.0 450.0                            LAT/LON1/LON2/DLON/H
  218  196  174  151  132  115  102   91   82   75   72   71   70   67   63   59
   57   56   56   56   56   57   56   56   56   56   55   53   51   50   48   45
   42   38   39   46   62   82  102  118  129  135  140  144  152  163  178  196
  212  224  231  236  242  250  255  253  242  228  216  211  211  216  222  230
  237  244  249  252  253  251  246  235  218
     5.0-180.0 180.0   5.0 450.0                            LAT/LON1/LON2/DLON/H
  210  192  170  148  128  112   99   88   79   73   71   72   74   74   71   67
   63   61   59   57   56   55   55   54   54   53   52   51   50   49   48   46
   42   39   40   48   63   83  103  118  128  133  138  144  153  166  181  197
  211  221  226  232  241  253  264  266  259  245  230  220  215  216  220  228
  235  242  245  246  245  242  235  225  210
     2.5-180.0 180.0   5.0 450.0                            LAT/LON1/LON2/DLON/H
  204  188  167  145  125  108   96   86   77   71   69   71   75   77   77   74
   70   66   63   60   57   55   53   52   51   50   50   49   49   49   48   47
   44   41   42   51   66   84  102  115  124  130  136  144  155  168  183  196
  207  213  216  222  234  250  266  274  271  258  241  226  216  213  216  223
  231  237  239  239  236  231  225  216  204
