BRFT/CODG2310.07I
     1.0            IONOSPHERE MAPS     GNSS                IONEX VERSION / TYPE
ADDNEQ2 V5.1        AIUB                24-AUG-07 02:29     PGM / RUN BY / DATE 
CODE'S GLOBAL IONOSPHERE MAPS FOR DAY 231, 2007             COMMENT             
Global ionosphere maps (GIM) are generated on a daily basis DESCRIPTION         
at CODE using data from about 150 GPS sites of the IGS and  DESCRIPTION         
other institutions. The vertical total electron content     DESCRIPTION         
(VTEC) is modeled in a solar-geomagnetic reference frame    DESCRIPTION         
using a spherical harmonics expansion up to degree and      DESCRIPTION         
order 15. Piece-wise linear functions are used for          DESCRIPTION         
representation in the time domain. The time spacing of      DESCRIPTION         
their vertices is 2 hours, conforming with the epochs of    DESCRIPTION         
the VTEC maps. Instrumental biases, so-called differential  DESCRIPTION         
P1-P2 code biases (DCB), for all GPS satellites and ground  DESCRIPTION         
stations are estimated as constant values for each day,     DESCRIPTION         
simultaneously with the 13 times 256, or 3328 parameters    DESCRIPTION         
used to represent the global VTEC distribution. The DCB     DESCRIPTION         
datum is defined by a zero-mean condition imposed on the    DESCRIPTION         
satellite bias estimates. P1-C1 bias corrections are taken  DESCRIPTION         
into account if needed. To convert line-of-sight TEC into   DESCRIPTION         
vertical TEC, a modified single-layer model mapping         DESCRIPTION         
function approximating the JPL extended slab model mapping  DESCRIPTION         
function is adopted. The mapping function is evaluated at   DESCRIPTION         
geodetic satellite elevation angles. For the computation of DESCRIPTION         
the ionospheric pierce points, a spherical layer with a     DESCRIPTION         
radius of 6821 km is assumed, implying geocentric, not      DESCRIPTION         
geodetic IONEX latitudes.                                   DESCRIPTION         
Note: These GIM results correspond to the results for the   DESCRIPTION         
middle day of a 3-day combination analysis solving for 37   DESCRIPTION         
times 256, or 9472 VTEC parameters and one common set of    DESCRIPTION         
satellite and 24-hour receiver DCB constants.               DESCRIPTION         
Contact address: stefan.schaer or igsauto @aiub.unibe.ch    DESCRIPTION         
Web site:        http://www.aiub.unibe.ch/ionosphere/       DESCRIPTION         
Data archive:    ftp://ftp.unibe.ch/aiub/CODE/              DESCRIPTION         
                 http://www.aiub.unibe.ch/download/CODE/    DESCRIPTION         
  2007     8    19     0     0     0                        EPOCH OF FIRST MAP  
  2007     8    20     0     0     0                        EPOCH OF LAST MAP   
  7200                                                      INTERVAL            
    13                                                      # OF MAPS IN FILE   
  NONE                                                      MAPPING FUNCTION    
    10.0                                                    ELEVATION CUTOFF    
One-way carrier phase leveled to code                       OBSERVABLES USED    
[...]
 320                                                        COMMENT             
List of stations:                                           COMMENT             
albh algo alic alrt amc2 amu2 artu aspa auck bahr bako bdos COMMENT             
bili bjfs bogo bor1 braz brft brmu brst brus cagl cagz cas1 COMMENT             
cedu chat chpi chur coco conz crar cro1 daej darr darw dav1 COMMENT             
davr dgar drao dubo ebre faa1 fair flin ganp glps glsv gode COMMENT             
godz gold gope goug gras graz guam guat harb hers hert hflk COMMENT             
hob2 holm hrao hyde ieng iisc invk irkj irkt jama joz2 joze COMMENT             
karr kely khaj kir0 kiru kokb kour lama lhaz lpal lpgs mac1 COMMENT             
madr mali mas1 mat1 mate maui mcm4 mdo1 mdvj medi mets metz COMMENT             
mizu mkea mobj monp mtka nano nisu nklg nlib novm npld nrc1 COMMENT             
nril nrmd nssp ntus nya1 ohi2 onsa opmt pado park pdel penc COMMENT             
pert pie1 pimo pol2 pots prds ptbb rabt ramo reso reun reyk COMMENT             
reyz rio2 sant sch2 scub sele sey1 sfer sofi spt0 ssia stjo COMMENT             
str2 sunm suth suwn sydn syog thu2 thu3 tidb tixi tixj tlse COMMENT             
tow2 trab tro1 tskb twtf uclu unb3 unbj unbt unsa urum usn3 COMMENT             
usno usud vill wab1 wab2 whit will wsrt wtza wtzj wtzl wtzr COMMENT             
wtzs wtzz wuhn yakt yar2 yell yibl yssk zamb zeck zimj zimm COMMENT             
zimt zwe2                                                   COMMENT             
                                                            END OF HEADER       
[from data line 4290]
    11                                                      START OF TEC MAP    
  2007     8    19    20     0     0                        EPOCH OF CURRENT MAP
    87.5-180.0 180.0   5.0 450.0                            LAT/LON1/LON2/DLON/H
   67   67   67   68   68   68   68   68   68   68   68   68   68   68   68   68
   67   67   67   66   66   66   65   65   64   64   64   63   63   62   62   61
   61   60   60   60   59   59   59   58   58   58   58   58   58   58   58   58
   58   58   59   59   59   60   60   60   61   61   62   62   62   63   63   64
   64   64   65   65   66   66   66   67   67
    85.0-180.0 180.0   5.0 450.0                            LAT/LON1/LON2/DLON/H
   68   68   69   70   70   70   71   71   71   71   71   71   71   71   71   70
   70   69   69   68   67   67   66   65   65   64   63   62   62   61   60   59
   58   57   56   55   54   53   53   52   51   51   51   50   50   50   51   51
   52   52   53   53   54   55   56   56   57   58   59   59   60   61   61   62
   63   63   64   65   65   66   67   67   68
    82.5-180.0 180.0   5.0 450.0                            LAT/LON1/LON2/DLON/H
   67   68   69   70   70   71   72   72   72   73   73   73   73   72   72   72
   71   70   70   69   68   67   66   65   65   64   63   62   61   61   60   58
   57   56   54   52   51   49   47   46   45   43   43   42   42   42   43   43
   44   45   47   48   49   50   51   53   54   55   55   56   57   58   58   59
   60   61   61   62   63   64   65   66   67
    80.0-180.0 180.0   5.0 450.0                            LAT/LON1/LON2/DLON/H
   65   66   67   68   69   70   71   72   73   73   73   73   73   73   73   72
   72   71   70   69   68   67   66   65   65   64   64   64   63   63   62   61
   59   58   55   53   50   47   44   41   38   36   35   34   34   34   35   36
   37   39   41   43   44   46   48   49   50   51   52   53   53   54   55   55
   56   57   58   59   60   61   62   63   65
    77.5-180.0 180.0   5.0 450.0                            LAT/LON1/LON2/DLON/H
   62   64   65   67   68   69   70   71   72   72   73   73   73   73   73   73
   72   72   71   69   68   67   66   66   65   65   66   66   67   68   68   67
   66   64   60   56   52   47   42   38   34   30   28   26   26   26   27   29
   31   33   36   38   40   42   44   45   46   47   48   49   49   50   50   51
   52   53   54   55   56   58   59   61   62
    75.0-180.0 180.0   5.0 450.0                            LAT/LON1/LON2/DLON/H
   60   62   64   65   67   68   69   70   71   72   72   73   73   73   74   74
   73   73   72   71   69   68   67   66   66   67   69   71   73   75   77   77
   76   73   69   64   57   50   43   36   30   25   22   20   20   20   22   24
   26   29   32   34   36   38   40   41   42   43   44   44   45   46   47   48
   49   50   51   52   54   55   57   59   60
    72.5-180.0 180.0   5.0 450.0                            LAT/LON1/LON2/DLON/H
   60   62   63   65   66   67   68   69   70   71   72   72   73   74   75   75
   75   75   74   73   71   70   68   68   68   69   72   76   80   84   88   89
   89   86   80   73   64   54   44   36   28   22   18   16   15   16   18   20
   23   26   28   30   32   34   35   36   37   38   39   40   41   43   44   46
   47   49   50   52   53   55   56   58   60
    70.0-180.0 180.0   5.0 450.0                            LAT/LON1/LON2/DLON/H
   61   62   64   65   66   67   68   69   70   71   72   73   74   75   77   78
   78   78   78   77   75   72   70   69   70   72   76   82   88   95   99  102
  102   98   91   82   70   58   46   36   27   21   16   14   14   15   17   19
   21   24   26   27   28   29   30   31   32   33   34   36   38   41   43   45
   47   49   51   53   54   56   57   59   61
    67.5-180.0 180.0   5.0 450.0                            LAT/LON1/LON2/DLON/H
   63   64   66   67   68   69   69   70   71   72   73   74   76   77   79   80
   82   82   82   80   78   75   73   72   72   75   80   87   96  104  110  114
  113  109  100   88   75   61   48   36   27   21   17   16   16   17   19   20
   22   23   24   24   25   25   25   25   26   28   30   33   36   40   43   46
   49   51   53   55   57   58   60   61   63
    65.0-180.0 180.0   5.0 450.0                            LAT/LON1/LON2/DLON/H
   66   67   69   70   70   71   71   72   73   74   75   77   78   80   82   83
   85   86   85   84   81   78   75   74   74   77   83   92  102  112  119  122
  121  115  105   91   76   61   48   37   29   23   21   20   21   22   23   24
   24   24   24   23   22   21   21   22   23   25   27   31   35   39   44   48
   51   54   56   58   59   61   63   64   66
    62.5-180.0 180.0   5.0 450.0                            LAT/LON1/LON2/DLON/H
   70   71   73   74   74   74   75   75   76   77   78   80   81   83   85   86
   87   88   88   86   84   80   77   75   76   79   86   95  106  116  124  126
  124  116  105   90   74   60   47   38   32   28   27   27   28   29   30   29
   28   27   25   23   22   21   20   20   21   23   26   30   35   40   45   49
   53   56   58   60   62   63   65   67   70
    60.0-180.0 180.0   5.0 450.0                            LAT/LON1/LON2/DLON/H
   74   76   78   79   80   80   80   80   81   81   82   84   85   86   87   88
   89   89   88   87   85   81   78   76   77   80   88   97  108  118  124  126
  122  113  100   85   71   58   47   41   37   36   36   37   38   38   38   36
   34   31   29   26   25   23   23   23   23   25   28   31   36   40   45   50
   54   57   59   61   63   65   67   71   74
    57.5-180.0 180.0   5.0 450.0                            LAT/LON1/LON2/DLON/H
   78   81   84   86   87   87   87   86   86   86   87   87   88   88   89   89
   89   88   87   86   84   81   79   77   78   82   88   98  107  116  120  120
  115  106   93   80   67   57   49   46   45   46   47   49   49   49   47   44
   41   38   35   33   31   30   29   29   29   30   31   34   37   41   45   49
   53   56   58   60   62   65   69   73   78
    55.0-180.0 180.0   5.0 450.0                            LAT/LON1/LON2/DLON/H
   82   87   91   94   95   95   95   94   93   92   91   91   91   91   90   89
   88   87   86   84   83   81   79   78   79   82   88   96  104  111  114  112
  106   97   86   75   65   58   55   54   55   58   60   61   61   59   56   53
   49   46   44   42   41   40   40   39   38   37   37   38   39   42   45   48
   51   53   56   58   61   65   70   76   82
    52.5-180.0 180.0   5.0 450.0                            LAT/LON1/LON2/DLON/H
   85   92   98  102  104  105  105  104  101   99   96   95   93   92   91   89
   87   85   84   82   81   80   80   79   80   83   88   94  100  104  106  103
   97   89   81   73   68   64   64   65   68   70   72   73   71   69   66   62
   58   56   54   53   53   53   52   51   48   46   44   43   42   43   44   47
   49   51   53   56   59   64   70   78   85
    50.0-180.0 180.0   5.0 450.0                            LAT/LON1/LON2/DLON/H
   88   96  103  109  112  115  115  114  110  106  102   98   96   94   92   90
   87   85   83   82   81   81   81   82   82   84   88   92   96   98   98   95
   91   85   81   77   75   74   76   78   81   83   84   83   81   78   74   71
   68   66   65   65   66   66   65   63   59   55   51   48   45   44   44   46
   48   50   52   55   59   64   71   80   88
    47.5-180.0 180.0   5.0 450.0                            LAT/LON1/LON2/DLON/H
   90   99  106  113  119  123  125  123  119  113  107  102   99   96   94   92
   89   86   84   83   83   84   85   85   85   86   88   90   92   93   93   91
   88   86   86   86   87   88   90   92   94   94   94   92   89   85   82   79
   76   75   75   75   77   77   76   73   68   63   57   52   49   46   45   46
   48   50   53   56   61   66   73   82   90
    45.0-180.0 180.0   5.0 450.0                            LAT/LON1/LON2/DLON/H
   91   99  107  115  122  128  132  132  128  121  113  107  103  100   98   95
   92   90   88   87   87   88   89   90   89   89   90   91   92   92   92   92
   92   93   96   99  101  103  104  105  104  103  101   98   95   91   88   86
   83   82   82   83   84   85   84   80   75   69   62   57   52   49   47   47
   49   52   56   60   64   69   76   83   91
    42.5-180.0 180.0   5.0 450.0                            LAT/LON1/LON2/DLON/H
   91   98  105  113  121  130  135  137  134  127  120  113  108  105  103  100
   98   95   93   92   93   94   95   95   94   93   93   93   95   96   97   98
  101  105  110  115  118  118  117  115  113  110  106  103   99   96   93   91
   89   87   86   86   87   88   87   84   78   72   65   60   55   52   50   50
   52   56   60   65   69   74   79   85   91
    40.0-180.0 180.0   5.0 450.0                            LAT/LON1/LON2/DLON/H
   91   95  100  107  117  126  134  138  137  132  125  119  115  112  109  107
  104  102  100   99   99   99  100  100   99   98   98   99  102  105  108  111
  115  120  126  131  133  131  127  122  118  114  109  105  102   99   97   94
   91   88   86   85   86   87   87   84   79   73   68   63   59   56   54   54
   56   60   65   71   75   80   84   88   91
    37.5-180.0 180.0   5.0 450.0                            LAT/LON1/LON2/DLON/H
   92   93   96  101  109  120  129  135  136  134  130  126  122  119  116  114
  111  109  107  105  105  105  105  105  104  104  105  108  112  118  123  127
  132  137  142  146  145  141  134  126  120  115  111  107  104  101   99   96
   92   87   83   82   82   83   84   82   78   73   69   65   62   59   57   57
   59   64   70   76   81   86   89   90   92
    35.0-180.0 180.0   5.0 450.0                            LAT/LON1/LON2/DLON/H
   93   92   92   95  102  111  120  128  132  133  133  132  130  128  124  121
  119  116  114  111  110  109  109  109  109  110  112  118  126  134  141  146
  149  153  156  157  154  147  137  128  120  115  111  107  104  102   99   96
   91   85   80   77   77   78   80   79   77   73   70   67   64   62   60   59
   61   65   72   80   86   91   93   94   93
    32.5-180.0 180.0   5.0 450.0                            LAT/LON1/LON2/DLON/H
   96   94   91   91   95  102  111  118  125  130  134  137  137  136  132  129
  126  123  120  117  114  112  112  113  114  116  120  128  139  151  159  163
  165  165  166  165  160  150  138  127  119  114  111  107  104  102   99   95
   89   82   76   72   72   74   76   77   76   73   71   69   66   64   61   59
   61   65   72   81   89   94   98   98   96
    30.0-180.0 180.0   5.0 450.0                            LAT/LON1/LON2/DLON/H
  101   98   94   91   92   96  102  109  117  126  134  141  144  143  140  136
  133  130  126  122  118  116  116  117  118  121  127  138  151  165  174  178
  176  174  172  168  161  150  137  125  117  113  110  107  103  100   97   93
   87   79   73   69   69   71   74   76   75   74   72   70   68   65   61   58
   58   62   70   80   89   97  101  102  101
    27.5-180.0 180.0   5.0 450.0                            LAT/LON1/LON2/DLON/H
  106  103   99   95   93   94   98  103  111  122  133  143  149  150  147  144
  142  138  134  128  123  120  120  122  124  128  134  145  160  174  184  186
  182  177  172  168  160  148  134  122  115  111  108  105  102   98   95   91
   85   78   71   67   67   69   72   75   75   74   72   70   68   64   60   56
   55   58   66   77   88   97  103  106  106
    25.0-180.0 180.0   5.0 450.0                            LAT/LON1/LON2/DLON/H
  110  110  106  102   99   97   98  102  109  120  134  146  153  156  155  154
  152  149  144  137  132  128  128  129  132  134  140  150  164  178  187  188
  182  175  169  164  156  144  130  119  112  108  106  103   99   96   92   88
   83   76   70   66   65   67   70   73   74   73   72   70   66   62   57   53
   51   54   62   73   85   96  103  108  110
    22.5-180.0 180.0   5.0 450.0                            LAT/LON1/LON2/DLON/H
  113  115  114  110  107  105  105  107  113  123  136  149  158  163  165  166
  165  163  158  151  144  140  139  140  142  142  145  152  163  176  184  184
  177  169  163  158  150  139  125  114  107  104  102   99   96   92   89   85
   80   74   69   65   64   65   67   69   70   70   69   67   63   59   54   49
   47   50   58   69   82   93  101  108  113
    20.0-180.0 180.0   5.0 450.0                            LAT/LON1/LON2/DLON/H
  113  117  119  118  116  115  116  118  122  130  141  154  164  171  176  180
  182  180  175  168  161  156  155  155  154  152  150  152  159  169  175  174
  168  160  154  150  143  132  119  109  102  100   98   95   91   88   84   80
   76   71   67   63   60   60   61   63   64   65   64   62   59   54   50   45
   43   46   54   66   79   89   98  106  113
    17.5-180.0 180.0   5.0 450.0                            LAT/LON1/LON2/DLON/H
  110  117  121  123  125  127  130  133  136  142  150  161  172  181  190  197
  201  201  196  189  182  177  174  173  170  164  157  153  154  159  163  162
  157  150  145  142  135  125  113  103   97   94   93   90   86   82   78   75
   71   67   62   58   55   54   53   55   56   57   57   56   53   49   45   42
   40   44   52   64   76   86   94  102  110
    15.0-180.0 180.0   5.0 450.0                            LAT/LON1/LON2/DLON/H
  106  114  121  126  131  138  145  150  153  156  161  170  181  193  205  215
  221  222  219  212  206  200  196  192  186  177  165  154  149  149  151  150
  145  140  137  133  127  117  106   97   92   89   88   85   81   76   72   68
   64   60   57   53   49   46   45   45   47   48   49   48   46   43   40   38
   38   42   51   62   73   82   89   97  106
    12.5-180.0 180.0   5.0 450.0                            LAT/LON1/LON2/DLON/H
  102  111  119  127  136  148  159  167  170  171  174  181  192  206  220  232
  240  242  240  235  229  223  217  211  202  189  173  158  147  142  141  140
  136  132  129  126  120  111  100   92   88   85   83   79   75   70   65   60
   56   53   50   47   43   40   37   37   38   39   40   40   39   37   36   35
   36   41   50   61   71   79   85   93  102
    10.0-180.0 180.0   5.0 450.0                            LAT/LON1/LON2/DLON/H
  100  110  119  128  140  155  171  181  185  185  186  191  203  218  233  246
  255  257  256  253  248  243  236  227  216  201  182  163  147  139  135  132
  129  126  124  121  115  106   97   90   86   83   79   74   69   63   58   53
   49   47   45   42   39   35   32   31   31   32   33   33   32   32   31   32
   34   39   48   59   70   77   83   90  100
     7.5-180.0 180.0   5.0 450.0                            LAT/LON1/LON2/DLON/H
  100  111  121  130  144  162  180  192  197  196  196  201  212  227  243  255
  263  266  266  265  262  257  249  238  226  210  190  169  150  138  132  128
  125  123  121  118  113  105   97   90   86   82   76   70   64   58   52   47
   44   43   42   41   38   35   32   29   27   27   27   27   27   27   28   30
   33   38   47   58   69   76   82   90  100
     5.0-180.0 180.0   5.0 450.0                            LAT/LON1/LON2/DLON/H
  104  116  126  136  150  168  187  200  205  204  204  209  220  234  248  258
  263  266  268  269  269  265  256  244  230  214  195  174  154  140  132  126
  123  121  120  117  113  106   99   93   88   82   74   66   59   53   48   44
   42   42   42   42   41   38   35   31   28   25   24   23   23   24   26   29
   32   37   45   57   68   77   84   93  104
     2.5-180.0 180.0   5.0 450.0                            LAT/LON1/LON2/DLON/H
  110  123  135  145  159  176  194  206  210  210  210  216  226  238  248  254
  257  259  262  266  268  265  256  244  230  214  197  177  158  143  133  126
  122  120  119  118  115  109  103   97   90   82   72   63   56   51   47   45
   44   44   46   46   46   44   40   36   30   26   23   22   22   24   26   29
   32   36   44   56   68   78   87   97  110
