BRFT/CODG2310.07I
     1.0            IONOSPHERE MAPS     GNSS                IONEX VERSION / TYPE
ADDNEQ2 V5.1        AIUB                24-AUG-07 02:29     PGM / RUN BY / DATE 
CODE'S GLOBAL IONOSPHERE MAPS FOR DAY 231, 2007             COMMENT             
Global ionosphere maps (GIM) are generated on a daily basis DESCRIPTION         
at CODE using data from about 150 GPS sites of the IGS and  DESCRIPTION         
other institutions. The vertical total electron content     DESCRIPTION         
(VTEC) is modeled in a solar-geomagnetic reference frame    DESCRIPTION         
using a spherical harmonics expansion up to degree and      DESCRIPTION         
order 15. Piece-wise linear functions are used for          DESCRIPTION         
representation in the time domain. The time spacing of      DESCRIPTION         
their vertices is 2 hours, conforming with the epochs of    DESCRIPTION         
the VTEC maps. Instrumental biases, so-called differential  DESCRIPTION         
P1-P2 code biases (DCB), for all GPS satellites and ground  DESCRIPTION         
stations are estimated as constant values for each day,     DESCRIPTION         
simultaneously with the 13 times 256, or 3328 parameters    DESCRIPTION         
used to represent the global VTEC distribution. The DCB     DESCRIPTION         
datum is defined by a zero-mean condition imposed on the    DESCRIPTION         
satellite bias estimates. P1-C1 bias corrections are taken  DESCRIPTION         
into account if needed. To convert line-of-sight TEC into   DESCRIPTION         
vertical TEC, a modified single-layer model mapping         DESCRIPTION         
function approximating the JPL extended slab model mapping  DESCRIPTION         
function is adopted. The mapping function is evaluated at   DESCRIPTION         
geodetic satellite elevation angles. For the computation of DESCRIPTION         
the ionospheric pierce points, a spherical layer with a     DESCRIPTION         
radius of 6821 km is assumed, implying geocentric, not      DESCRIPTION         
geodetic IONEX latitudes.                                   DESCRIPTION         
Note: These GIM results correspond to the results for the   DESCRIPTION         
middle day of a 3-day combination analysis solving for 37   DESCRIPTION         
times 256, or 9472 VTEC parameters and one common set of    DESCRIPTION         
satellite and 24-hour receiver DCB constants.               DESCRIPTION         
Contact address: stefan.schaer or igsauto @aiub.unibe.ch    DESCRIPTION         
Web site:        http://www.aiub.unibe.ch/ionosphere/       DESCRIPTION         
Data archive:    ftp://ftp.unibe.ch/aiub/CODE/              DESCRIPTION         
                 http://www.aiub.unibe.ch/download/CODE/    DESCRIPTION         
  2007     8    19     0     0     0                        EPOCH OF FIRST MAP  
  2007     8    20     0     0     0                        EPOCH OF LAST MAP   
  7200                                                      INTERVAL            
    13                                                      # OF MAPS IN FILE   
  NONE                                                      MAPPING FUNCTION    
    10.0                                                    ELEVATION CUTOFF    
One-way carrier phase leveled to code                       OBSERVABLES USED    
[...]
 320                                                        COMMENT             
List of stations:                                           COMMENT             
albh algo alic alrt amc2 amu2 artu aspa auck bahr bako bdos COMMENT             
bili bjfs bogo bor1 braz brft brmu brst brus cagl cagz cas1 COMMENT             
cedu chat chpi chur coco conz crar cro1 daej darr darw dav1 COMMENT             
davr dgar drao dubo ebre faa1 fair flin ganp glps glsv gode COMMENT             
godz gold gope goug gras graz guam guat harb hers hert hflk COMMENT             
hob2 holm hrao hyde ieng iisc invk irkj irkt jama joz2 joze COMMENT             
karr kely khaj kir0 kiru kokb kour lama lhaz lpal lpgs mac1 COMMENT             
madr mali mas1 mat1 mate maui mcm4 mdo1 mdvj medi mets metz COMMENT             
mizu mkea mobj monp mtka nano nisu nklg nlib novm npld nrc1 COMMENT             
nril nrmd nssp ntus nya1 ohi2 onsa opmt pado park pdel penc COMMENT             
pert pie1 pimo pol2 pots prds ptbb rabt ramo reso reun reyk COMMENT             
reyz rio2 sant sch2 scub sele sey1 sfer sofi spt0 ssia stjo COMMENT             
str2 sunm suth suwn sydn syog thu2 thu3 tidb tixi tixj tlse COMMENT             
tow2 trab tro1 tskb twtf uclu unb3 unbj unbt unsa urum usn3 COMMENT             
usno usud vill wab1 wab2 whit will wsrt wtza wtzj wtzl wtzr COMMENT             
wtzs wtzz wuhn yakt yar2 yell yibl yssk zamb zeck zimj zimm COMMENT             
zimt zwe2                                                   COMMENT             
                                                            END OF HEADER       
[from data line 858]
     3                                                      START OF TEC MAP    
  2007     8    19     4     0     0                        EPOCH OF CURRENT MAP
    87.5-180.0 180.0   5.0 450.0                            LAT/LON1/LON2/DLON/H
   69   69   69   69   69   69   69   68   68   68   67   67   67   66   66   65
   65   65   64   64   64   64   63   63   63   63   63   63   63   63   63   63
   64   64   64   64   65   65   65   65   66   66   66   67   67   67   67   67
   67   68   68   68   68   68   68   68   68   69   69   69   69   69   69   69
   69   69   69   69   70   70   70   70   69
    85.0-180.0 180.0   5.0 450.0                            LAT/LON1/LON2/DLON/H
   73   73   73   73   73   72   72   72   71   70   70   69   68   67   66   65
   64   64   63   62   61   60   60   59   59   59   59   59   59   59   60   60
   61   62   63   64   64   65   66   67   67   68   68   69   69   69   69   69
   69   69   69   69   70   70   70   70   70   70   70   70   70   71   71   71
   71   72   72   72   72   73   73   73   73
    82.5-180.0 180.0   5.0 450.0                            LAT/LON1/LON2/DLON/H
   76   76   77   77   77   76   76   75   75   74   73   71   70   69   67   66
   64   63   62   60   59   58   57   56   55   54   54   54   54   55   56   57
   58   60   61   63   65   67   68   69   70   71   71   72   72   72   72   71
   71   71   71   71   71   71   71   71   71   71   71   71   71   71   72   72
   72   73   73   74   74   75   75   76   76
    80.0-180.0 180.0   5.0 450.0                            LAT/LON1/LON2/DLON/H
   78   78   79   79   79   79   79   78   77   76   75   73   72   70   68   66
   65   63   61   60   58   56   55   53   51   50   49   48   48   48   50   51
   54   56   59   62   65   68   70   72   73   74   75   75   74   74   73   73
   73   72   72   72   71   71   71   71   71   71   71   71   71   71   72   72
   72   73   73   74   75   75   76   77   78
    77.5-180.0 180.0   5.0 450.0                            LAT/LON1/LON2/DLON/H
   77   78   79   79   80   80   80   79   78   77   76   74   72   70   68   66
   65   63   62   60   58   56   54   51   49   46   43   41   40   40   41   43
   46   50   54   59   64   68   71   74   75   76   76   76   75   74   74   73
   73   72   72   72   72   72   72   72   72   72   71   71   71   71   71   71
   71   72   72   73   74   74   75   76   77
    75.0-180.0 180.0   5.0 450.0                            LAT/LON1/LON2/DLON/H
   75   76   77   77   78   78   78   78   77   76   74   72   70   68   66   65
   64   63   62   61   59   57   55   51   47   42   38   33   30   28   29   31
   34   40   46   53   59   65   70   73   75   76   76   75   74   73   72   72
   72   72   72   72   72   73   73   73   72   72   72   71   71   71   70   70
   70   70   71   71   72   72   73   74   75
    72.5-180.0 180.0   5.0 450.0                            LAT/LON1/LON2/DLON/H
   72   72   73   73   74   75   75   75   74   73   71   69   67   64   63   61
   61   61   61   61   60   59   56   52   46   40   32   25   19   15   14   15
   19   26   34   43   52   59   65   70   72   73   72   71   70   70   69   69
   70   71   72   72   73   74   74   74   73   73   72   72   71   71   71   70
   70   70   70   70   70   70   71   71   72
    70.0-180.0 180.0   5.0 450.0                            LAT/LON1/LON2/DLON/H
   69   69   69   69   69   69   70   70   69   68   66   64   62   59   58   56
   56   57   58   59   60   60   57   53   46   38   28   18    8    2    0    0
    2   10   19   30   41   51   58   63   66   67   67   66   65   65   66   67
   68   70   72   73   74   75   75   75   75   74   74   73   73   72   72   71
   71   70   70   70   70   70   69   69   69
    67.5-180.0 180.0   5.0 450.0                            LAT/LON1/LON2/DLON/H
   68   67   66   65   64   64   64   64   64   63   61   59   57   54   52   51
   50   51   53   55   57   58   57   53   46   36   24   12    0    0    0    0
    0    0    4   17   30   41   50   55   59   60   60   61   61   62   63   65
   68   70   72   74   75   76   76   76   76   76   76   75   75   74   74   74
   73   73   72   72   72   71   70   69   68
    65.0-180.0 180.0   5.0 450.0                            LAT/LON1/LON2/DLON/H
   70   67   65   63   61   60   60   60   59   59   57   55   53   50   47   45
   44   45   47   49   52   54   54   51   45   35   22    8    0    0    0    0
    0    0    0    5   19   31   41   47   52   54   55   57   58   60   63   65
   68   71   73   75   76   77   78   78   78   78   78   78   78   78   77   77
   76   76   76   75   75   75   74   72   70
    62.5-180.0 180.0   5.0 450.0                            LAT/LON1/LON2/DLON/H
   75   71   68   64   61   59   58   57   56   56   55   53   51   48   44   41
   39   39   40   42   44   47   48   47   42   34   22    8    0    0    0    0
    0    0    0    0   11   24   34   41   46   50   53   56   59   62   64   67
   70   72   74   76   77   79   80   81   82   82   83   83   82   82   81   81
   80   79   79   80   80   80   79   77   75
    60.0-180.0 180.0   5.0 450.0                            LAT/LON1/LON2/DLON/H
   81   78   73   69   65   61   59   57   56   55   54   52   50   47   44   40
   37   34   33   34   36   38   40   40   38   32   23   11    0    0    0    0
    0    0    0    0    7   20   30   38   44   49   54   58   62   66   69   71
   72   74   75   77   79   82   84   86   87   88   88   88   87   86   85   84
   83   82   82   83   84   85   85   84   81
    57.5-180.0 180.0   5.0 450.0                            LAT/LON1/LON2/DLON/H
   89   86   82   77   72   67   63   60   58   56   55   53   51   49   45   41
   36   32   29   28   28   30   32   33   33   31   25   17    6    0    0    0
    0    0    0    0    8   19   29   37   45   52   58   65   69   73   74   75
   75   75   77   79   82   86   89   92   94   95   94   93   92   90   88   86
   84   83   83   84   86   88   90   90   89
    55.0-180.0 180.0   5.0 450.0                            LAT/LON1/LON2/DLON/H
   96   94   91   86   81   76   71   67   63   59   57   55   54   52   49   44
   39   33   28   24   23   23   24   26   28   29   28   23   16    7    0    0
    0    0    0    3   13   23   32   40   48   57   66   73   78   81   81   79
   78   78   79   82   87   92   97  100  102  103  101   99   96   93   90   87
   84   83   82   83   86   89   93   95   96
    52.5-180.0 180.0   5.0 450.0                            LAT/LON1/LON2/DLON/H
  101  101   99   96   92   87   82   76   70   65   61   58   57   55   52   48
   43   36   30   24   21   19   19   22   25   28   30   30   27   20   13    6
    2    2    6   13   21   29   36   44   53   64   74   82   87   88   86   83
   81   80   82   87   93   99  105  109  111  110  108  104  100   95   91   87
   84   82   80   81   83   88   93   98  101
    50.0-180.0 180.0   5.0 450.0                            LAT/LON1/LON2/DLON/H
  103  106  106  105  102   98   93   86   79   72   66   62   60   59   56   53
   47   41   34   28   23   19   19   20   24   28   33   36   36   32   27   22
   18   17   19   24   30   36   42   49   58   70   81   90   95   94   91   86
   84   84   87   93  100  107  113  117  119  117  113  108  103   97   92   88
   84   81   78   78   80   85   91   98  103
    47.5-180.0 180.0   5.0 450.0                            LAT/LON1/LON2/DLON/H
  103  108  110  110  110  108  104   97   89   80   73   68   65   63   60   57
   52   46   40   33   28   24   22   22   25   30   35   40   42   41   38   33
   30   29   30   34   38   42   46   53   62   75   87   96  100   98   94   89
   87   89   93   99  107  114  120  123  124  121  117  111  105   99   94   90
   86   82   79   77   77   82   89   97  103
    45.0-180.0 180.0   5.0 450.0                            LAT/LON1/LON2/DLON/H
  103  108  111  113  114  114  112  107   99   90   82   75   70   67   64   61
   57   52   46   40   34   30   28   27   29   33   38   42   45   45   43   40
   38   37   38   40   43   46   49   55   65   77   90   98  102  100   95   92
   92   95  100  106  112  117  122  125  125  123  118  113  107  102   98   94
   91   87   82   79   78   81   88   96  103
    42.5-180.0 180.0   5.0 450.0                            LAT/LON1/LON2/DLON/H
  104  109  111  112  114  116  117  114  109  100   92   84   78   73   69   65
   61   57   52   46   41   37   35   35   36   38   41   43   45   45   44   42
   40   40   41   44   46   48   51   56   65   78   90   98  101   99   96   95
   97  101  106  110  114  117  120  122  122  121  118  114  110  106  103  101
   99   95   91   86   83   84   90   98  104
    40.0-180.0 180.0   5.0 450.0                            LAT/LON1/LON2/DLON/H
  109  111  111  110  112  115  118  119  116  110  102   94   86   80   74   69
   65   61   56   51   47   44   42   42   42   43   44   44   44   43   41   40
   39   39   41   44   46   48   51   56   65   77   89   97   99   98   97   98
  102  107  111  112  112  113  114  115  116  117  117  116  114  111  110  109
  109  107  103   98   93   93   97  104  109
    37.5-180.0 180.0   5.0 450.0                            LAT/LON1/LON2/DLON/H
  119  118  114  110  110  113  117  121  121  118  112  104   96   88   80   74
   69   64   60   55   51   48   48   48   49   49   47   45   42   39   37   35
   35   36   38   41   45   48   51   56   64   75   86   94   97   97   98  102
  107  112  113  111  108  106  105  107  109  112  115  117  118  118  118  119
  121  122  119  114  109  108  111  116  119
    35.0-180.0 180.0   5.0 450.0                            LAT/LON1/LON2/DLON/H
  135  130  122  113  110  111  116  121  124  123  120  113  105   95   87   79
   73   68   62   57   53   51   51   52   54   53   50   45   40   35   31   30
   30   31   34   38   43   47   51   55   63   74   84   92   96   97  100  105
  111  115  114  109  102   99   98  100  104  108  114  120  123  124  126  129
  133  137  137  133  128  127  130  134  135
    32.5-180.0 180.0   5.0 450.0                            LAT/LON1/LON2/DLON/H
  155  148  135  123  115  113  115  120  124  126  125  119  111  101   92   83
   77   70   63   57   53   51   52   54   56   56   53   46   38   31   27   25
   25   27   30   35   40   46   51   56   63   73   83   91   96   98  102  108
  114  117  113  106   98   95   95   97  101  107  115  122  128  131  133  137
  144  151  155  153  150  149  152  156  155
    30.0-180.0 180.0   5.0 450.0                            LAT/LON1/LON2/DLON/H
  179  170  155  139  127  120  119  121  124  126  125  121  113  104   94   86
   79   72   64   58   53   51   52   54   57   57   54   46   37   28   23   22
   23   25   28   33   39   46   51   56   63   72   82   91   96  100  104  110
  116  117  112  105   99   97   98  101  104  109  117  126  132  136  139  145
  154  165  171  172  171  172  176  180  179
    27.5-180.0 180.0   5.0 450.0                            LAT/LON1/LON2/DLON/H
  203  195  179  161  145  134  128  125  124  124  123  119  112  102   93   85
   78   71   64   58   53   51   52   54   56   57   53   46   36   26   21   21
   23   25   28   32   39   45   51   56   62   70   81   91   98  102  107  112
  117  117  113  108  105  106  110  112  113  115  121  129  136  141  144  151
  163  177  186  190  191  193  198  204  203
    25.0-180.0 180.0   5.0 450.0                            LAT/LON1/LON2/DLON/H
  225  218  204  187  170  155  143  133  127  123  119  114  106   97   88   81
   75   69   63   57   54   52   52   53   55   55   52   45   35   25   21   22
   25   27   30   33   39   45   51   55   60   68   79   91   99  105  109  114
  118  119  117  116  118  123  129  130  127  125  127  133  140  145  150  158
  172  187  199  204  207  210  217  223  225
    22.5-180.0 180.0   5.0 450.0                            LAT/LON1/LON2/DLON/H
  241  237  227  213  197  180  162  145  132  122  115  107   99   90   82   75
   70   66   61   57   55   54   53   53   54   54   51   44   34   25   22   24
   28   32   33   35   39   44   49   52   56   64   77   90  101  107  111  115
  119  122  125  128  136  146  153  152  145  137  134  138  144  150  156  165
  180  197  210  216  219  223  230  238  241
    20.0-180.0 180.0   5.0 450.0                            LAT/LON1/LON2/DLON/H
  250  250  245  236  223  205  183  160  140  124  112  102   92   83   75   69
   65   61   58   56   56   56   56   55   54   53   50   44   35   26   24   28
   33   37   37   38   40   43   46   48   51   59   73   89  101  109  113  117
  122  128  135  144  156  170  177  175  164  151  144  145  151  157  164  174
  190  206  218  224  227  231  238  246  250
    17.5-180.0 180.0   5.0 450.0                            LAT/LON1/LON2/DLON/H
  254  256  257  253  244  227  203  175  149  128  112   99   88   78   69   64
   59   57   55   55   57   59   59   57   55   53   51   45   36   29   28   33
   39   43   42   40   40   41   42   43   46   54   69   87  101  109  114  118
  125  135  146  160  176  191  199  196  182  166  157  156  161  167  174  185
  199  215  225  230  231  235  241  248  254
    15.0-180.0 180.0   5.0 450.0                            LAT/LON1/LON2/DLON/H
  252  257  261  263  258  243  219  189  159  135  115  100   88   77   68   61
   57   54   53   55   58   61   61   59   56   55   53   48   40   34   33   39
   45   48   46   42   40   39   39   38   41   50   66   84  100  109  115  120
  130  143  158  174  190  206  214  211  198  182  172  170  174  180  186  196
  209  222  230  233  234  236  241  247  252
    12.5-180.0 180.0   5.0 450.0                            LAT/LON1/LON2/DLON/H
  248  253  260  265  264  251  228  198  167  141  121  104   91   79   70   63
   57   54   53   55   58   61   62   60   58   57   56   52   45   40   40   45
   51   52   49   44   40   38   36   35   38   47   63   82   98  108  115  122
  134  150  167  183  199  212  220  219  210  197  188  187  190  194  199  207
  217  227  233  234  234  236  240  244  248
    10.0-180.0 180.0   5.0 450.0                            LAT/LON1/LON2/DLON/H
  245  248  255  262  262  252  230  202  173  147  126  110   97   85   75   67
   61   57   55   56   58   61   62   60   59   59   59   56   51   46   46   50
   55   55   50   44   40   37   35   34   37   46   62   80   96  106  114  123
  137  155  172  187  199  210  218  221  216  209  204  204  207  209  211  215
  221  228  232  233  234  236  240  243  245
     7.5-180.0 180.0   5.0 450.0                            LAT/LON1/LON2/DLON/H
  243  245  249  255  255  246  226  201  174  150  130  115  102   91   81   74
   68   63   60   58   59   60   61   60   60   61   62   60   56   52   52   55
   57   55   50   44   39   37   35   35   38   47   61   78   93  104  113  124
  139  157  174  186  194  202  210  216  218  218  218  220  221  221  219  219
  221  226  229  230  233  237  241  243  243
     5.0-180.0 180.0   5.0 450.0                            LAT/LON1/LON2/DLON/H
  244  243  245  247  245  236  218  195  171  149  131  117  106   96   87   80
   74   70   65   62   60   60   59   59   59   61   63   62   59   56   55   56
   57   53   48   42   39   37   36   37   40   48   61   77   90  101  111  123
  139  157  172  181  185  189  197  206  215  221  226  229  230  227  221  217
  217  219  222  226  231  237  243  245  244
     2.5-180.0 180.0   5.0 450.0                            LAT/LON1/LON2/DLON/H
  246  243  241  239  235  224  208  187  166  146  129  116  106   97   89   83
   79   75   71   66   62   60   58   58   58   60   62   62   60   58   57   56
   54   50   44   40   38   37   37   38   42   50   61   74   87   99  109  122
  138  155  167  173  174  175  182  193  206  217  225  230  231  225  217  210
  208  209  213  219  227  236  244  247  246
