BRFT/CODG2310.07I
     1.0            IONOSPHERE MAPS     GNSS                IONEX VERSION / TYPE
ADDNEQ2 V5.1        AIUB                24-AUG-07 02:29     PGM / RUN BY / DATE 
CODE'S GLOBAL IONOSPHERE MAPS FOR DAY 231, 2007             COMMENT             
Global ionosphere maps (GIM) are generated on a daily basis DESCRIPTION         
at CODE using data from about 150 GPS sites of the IGS and  DESCRIPTION         
other institutions. The vertical total electron content     DESCRIPTION         
(VTEC) is modeled in a solar-geomagnetic reference frame    DESCRIPTION         
using a spherical harmonics expansion up to degree and      DESCRIPTION         
order 15. Piece-wise linear functions are used for          DESCRIPTION         
representation in the time domain. The time spacing of      DESCRIPTION         
their vertices is 2 hours, conforming with the epochs of    DESCRIPTION         
the VTEC maps. Instrumental biases, so-called differential  DESCRIPTION         
P1-P2 code biases (DCB), for all GPS satellites and ground  DESCRIPTION         
stations are estimated as constant values for each day,     DESCRIPTION         
simultaneously with the 13 times 256, or 3328 parameters    DESCRIPTION         
used to represent the global VTEC distribution. The DCB     DESCRIPTION         
datum is defined by a zero-mean condition imposed on the    DESCRIPTION         
satellite bias estimates. P1-C1 bias corrections are taken  DESCRIPTION         
into account if needed. To convert line-of-sight TEC into   DESCRIPTION         
vertical TEC, a modified single-layer model mapping         DESCRIPTION         
function approximating the JPL extended slab model mapping  DESCRIPTION         
function is adopted. The mapping function is evaluated at   DESCRIPTION         
geodetic satellite elevation angles. For the computation of DESCRIPTION         
the ionospheric pierce points, a spherical layer with a     DESCRIPTION         
radius of 6821 km is assumed, implying geocentric, not      DESCRIPTION         
geodetic IONEX latitudes.                                   DESCRIPTION         
Note: These GIM results correspond to the results for the   DESCRIPTION         
middle day of a 3-day combination analysis solving for 37   DESCRIPTION         
times 256, or 9472 VTEC parameters and one common set of    DESCRIPTION         
satellite and 24-hour receiver DCB constants.               DESCRIPTION         
Contact address: stefan.schaer or igsauto @aiub.unibe.ch    DESCRIPTION         
Web site:        http://www.aiub.unibe.ch/ionosphere/       DESCRIPTION         
Data archive:    ftp://ftp.unibe.ch/aiub/CODE/              DESCRIPTION         
                 http://www.aiub.unibe.ch/download/CODE/    DESCRIPTION         
  2007     8    19     0     0     0                        EPOCH OF FIRST MAP  
  2007     8    20     0     0     0                        EPOCH OF LAST MAP   
  7200                                                      INTERVAL            
    13                                                      # OF MAPS IN FILE   
  NONE                                                      MAPPING FUNCTION    
    10.0                                                    ELEVATION CUTOFF    
One-way carrier phase leveled to code                       OBSERVABLES USED    
[...]
 320                                                        COMMENT             
List of stations:                                           COMMENT             
albh algo alic alrt amc2 amu2 artu aspa auck bahr bako bdos COMMENT             
bili bjfs bogo bor1 braz brft brmu brst brus cagl cagz cas1 COMMENT             
cedu chat chpi chur coco conz crar cro1 daej darr darw dav1 COMMENT             
davr dgar drao dubo ebre faa1 fair flin ganp glps glsv gode COMMENT             
godz gold gope goug gras graz guam guat harb hers hert hflk COMMENT             
hob2 holm hrao hyde ieng iisc invk irkj irkt jama joz2 joze COMMENT             
karr kely khaj kir0 kiru kokb kour lama lhaz lpal lpgs mac1 COMMENT             
madr mali mas1 mat1 mate maui mcm4 mdo1 mdvj medi mets metz COMMENT             
mizu mkea mobj monp mtka nano nisu nklg nlib novm npld nrc1 COMMENT             
nril nrmd nssp ntus nya1 ohi2 onsa opmt pado park pdel penc COMMENT             
pert pie1 pimo pol2 pots prds ptbb rabt ramo reso reun reyk COMMENT             
reyz rio2 sant sch2 scub sele sey1 sfer sofi spt0 ssia stjo COMMENT             
str2 sunm suth suwn sydn syog thu2 thu3 tidb tixi tixj tlse COMMENT             
tow2 trab tro1 tskb twtf uclu unb3 unbj unbt unsa urum usn3 COMMENT             
usno usud vill wab1 wab2 whit will wsrt wtza wtzj wtzl wtzr COMMENT             
wtzs wtzz wuhn yakt yar2 yell yibl yssk zamb zeck zimj zimm COMMENT             
zimt zwe2                                                   COMMENT             
                                                            END OF HEADER       
[from data line 3003]
     8                                                      START OF TEC MAP    
  2007     8    19    14     0     0                        EPOCH OF CURRENT MAP
    87.5-180.0 180.0   5.0 450.0                            LAT/LON1/LON2/DLON/H
   77   77   77   76   76   76   76   76   75   75   75   74   74   74   73   73
   73   73   73   72   72   72   72   72   72   73   73   73   73   73   73   73
   74   74   74   74   74   74   74   74   74   74   74   74   74   74   74   74
   74   74   74   74   74   75   75   75   75   75   75   75   76   76   76   76
   76   76   76   77   77   77   77   77   77
    85.0-180.0 180.0   5.0 450.0                            LAT/LON1/LON2/DLON/H
   80   80   80   79   79   78   78   77   76   76   75   74   73   72   72   71
   70   70   70   69   69   69   70   70   71   71   72   72   73   74   74   75
   76   76   76   77   77   77   77   77   76   76   76   76   75   75   75   75
   74   74   74   74   74   74   74   74   75   75   75   75   76   76   77   77
   77   78   78   79   79   79   80   80   80
    82.5-180.0 180.0   5.0 450.0                            LAT/LON1/LON2/DLON/H
   81   81   81   81   81   80   79   78   77   76   74   73   71   70   69   68
   67   66   66   66   66   66   67   68   69   70   72   73   75   76   78   79
   80   81   81   82   82   82   81   81   80   80   79   78   77   77   76   76
   75   75   75   74   74   74   74   74   74   74   74   75   75   75   76   76
   77   77   78   79   79   80   80   81   81
    80.0-180.0 180.0   5.0 450.0                            LAT/LON1/LON2/DLON/H
   80   80   80   81   80   80   79   78   76   75   73   71   69   68   66   65
   64   63   63   63   64   64   65   67   68   70   73   75   77   80   82   84
   86   87   88   88   88   88   87   86   84   83   82   81   80   79   78   78
   77   77   76   76   75   75   74   74   73   73   73   73   73   73   73   73
   74   74   75   76   76   77   78   79   80
    77.5-180.0 180.0   5.0 450.0                            LAT/LON1/LON2/DLON/H
   74   75   76   77   77   77   76   75   74   72   70   68   67   65   64   63
   62   62   62   63   63   64   66   67   69   71   73   76   79   83   86   89
   91   93   94   94   94   92   91   89   87   85   84   83   82   81   81   80
   80   79   79   78   77   76   75   74   73   72   71   71   70   69   69   69
   68   68   69   69   70   71   72   73   74
    75.0-180.0 180.0   5.0 450.0                            LAT/LON1/LON2/DLON/H
   65   67   68   69   70   71   71   70   70   68   67   66   64   63   63   63
   63   63   64   65   66   67   68   69   70   72   74   77   80   84   88   91
   94   97   98   98   97   95   92   89   87   85   84   83   83   83   83   83
   83   83   82   80   79   77   75   74   72   70   69   68   67   65   64   63
   62   61   61   60   61   61   62   64   65
    72.5-180.0 180.0   5.0 450.0                            LAT/LON1/LON2/DLON/H
   55   56   58   60   62   63   64   64   64   64   63   63   62   62   63   64
   65   67   68   70   71   71   72   72   72   72   73   75   79   83   87   91
   95   98   99   98   96   93   90   86   84   82   81   81   82   84   85   86
   86   86   84   82   80   77   75   72   70   68   66   65   63   61   59   58
   56   54   52   51   51   51   52   53   55
    70.0-180.0 180.0   5.0 450.0                            LAT/LON1/LON2/DLON/H
   45   47   49   51   53   55   56   57   58   58   59   59   60   62   63   66
   68   71   74   76   77   77   76   75   73   72   72   73   76   80   84   89
   94   96   97   96   93   89   84   80   77   76   76   78   81   84   86   88
   88   88   85   82   79   75   72   69   67   65   63   62   60   58   56   53
   51   48   46   44   42   42   42   43   45
    67.5-180.0 180.0   5.0 450.0                            LAT/LON1/LON2/DLON/H
   38   39   41   43   45   47   49   50   52   53   55   56   58   61   64   67
   71   75   78   81   82   82   81   78   75   72   70   70   72   76   82   87
   91   94   94   92   87   82   77   73   70   69   71   74   79   83   87   89
   89   88   85   81   76   71   68   65   62   61   60   59   57   56   53   51
   48   44   41   39   37   36   36   36   38
    65.0-180.0 180.0   5.0 450.0                            LAT/LON1/LON2/DLON/H
   35   36   37   39   40   41   43   44   46   48   50   53   56   60   64   68
   73   77   81   84   86   86   84   80   76   72   69   69   71   75   80   86
   90   92   91   88   82   76   70   65   63   64   67   71   77   82   86   89
   89   87   83   77   72   67   63   60   58   57   57   57   56   54   52   50
   47   43   40   37   35   34   33   34   35
    62.5-180.0 180.0   5.0 450.0                            LAT/LON1/LON2/DLON/H
   36   37   37   38   38   39   39   40   42   44   47   50   54   58   62   67
   72   77   81   84   86   86   84   81   77   73   70   70   72   76   82   88
   92   92   90   85   78   71   64   60   59   61   65   70   76   82   86   88
   88   85   80   74   68   63   59   57   56   55   56   56   55   54   52   50
   47   44   41   39   37   36   35   35   36
    60.0-180.0 180.0   5.0 450.0                            LAT/LON1/LON2/DLON/H
   41   41   41   40   40   39   38   38   39   41   43   47   51   55   60   65
   70   75   79   82   83   84   83   81   78   75   73   74   77   81   87   93
   95   95   91   84   76   69   63   60   60   62   67   72   78   83   86   87
   86   83   78   72   67   62   58   57   56   56   57   57   56   55   53   51
   49   46   44   42   41   40   40   40   41
    57.5-180.0 180.0   5.0 450.0                            LAT/LON1/LON2/DLON/H
   47   48   47   46   44   42   40   38   38   39   41   44   49   53   58   63
   67   71   74   77   79   80   80   80   79   78   78   80   83   89   95   99
  101   99   94   86   77   70   65   64   65   68   72   76   81   84   87   88
   86   83   79   74   69   65   62   61   60   60   60   59   58   56   55   53
   51   49   47   46   45   45   46   47   47
    55.0-180.0 180.0   5.0 450.0                            LAT/LON1/LON2/DLON/H
   54   55   54   52   50   47   44   41   40   40   41   44   47   52   56   61
   65   68   71   73   74   76   78   79   80   81   83   86   91   97  102  106
  107  103   97   89   81   75   72   72   74   77   80   83   85   87   89   89
   88   86   83   79   75   72   70   69   68   67   65   64   61   59   57   55
   54   52   51   50   50   50   51   53   54
    52.5-180.0 180.0   5.0 450.0                            LAT/LON1/LON2/DLON/H
   59   60   60   59   56   53   50   47   44   43   43   45   48   52   56   61
   64   67   69   70   72   74   77   80   82   85   88   92   97  103  108  110
  110  106   99   92   85   82   81   82   85   88   89   90   91   91   92   92
   92   91   89   87   85   82   81   79   77   75   72   69   66   63   60   58
   57   55   54   53   53   54   56   57   59
    50.0-180.0 180.0   5.0 450.0                            LAT/LON1/LON2/DLON/H
   62   63   64   64   62   60   57   54   51   49   48   49   51   55   59   63
   66   69   70   71   73   75   78   82   85   87   90   94   99  105  109  111
  110  106  100   95   91   90   91   94   97   99   99   98   97   96   96   96
   97   97   97   97   96   94   92   89   87   83   79   75   70   67   64   62
   61   59   57   57   56   57   58   60   62
    47.5-180.0 180.0   5.0 450.0                            LAT/LON1/LON2/DLON/H
   63   64   65   66   67   66   64   62   59   57   56   56   57   60   63   67
   71   73   74   75   77   79   82   85   87   89   91   94   98  102  106  107
  106  104  101   98   97   98  101  105  108  108  107  104  102  101  101  102
  103  104  105  106  106  104  101   98   94   89   84   80   75   72   70   67
   65   63   61   60   59   59   60   61   63
    45.0-180.0 180.0   5.0 450.0                            LAT/LON1/LON2/DLON/H
   62   63   64   66   69   70   71   70   68   67   65   65   65   67   70   73
   77   79   81   82   83   86   88   89   90   89   89   91   94   97  100  101
  101  101  101  102  104  107  111  114  116  115  112  109  107  106  107  107
  108  110  112  114  114  112  108  103   98   93   88   83   80   77   75   73
   71   68   65   63   62   62   61   61   62
    42.5-180.0 180.0   5.0 450.0                            LAT/LON1/LON2/DLON/H
   61   60   62   64   68   72   75   77   77   76   75   75   75   76   77   80
   83   86   88   89   91   92   94   94   92   89   87   87   89   91   94   96
   98  100  104  107  111  115  118  120  120  118  115  112  111  111  112  113
  113  115  118  120  121  118  113  106  100   94   89   86   83   82   81   79
   76   72   69   67   66   65   63   62   61
    40.0-180.0 180.0   5.0 450.0                            LAT/LON1/LON2/DLON/H
   60   58   58   61   66   72   77   80   82   83   84   84   84   85   85   87
   90   92   94   95   97   98   98   97   93   88   85   84   86   89   92   95
   99  104  110  116  120  123  125  124  122  119  115  114  115  116  117  117
  117  119  122  126  126  123  116  108  100   94   90   87   86   86   85   83
   79   76   72   70   69   68   66   63   60
    37.5-180.0 180.0   5.0 450.0                            LAT/LON1/LON2/DLON/H
   60   57   55   57   62   69   75   80   84   86   89   91   92   93   93   93
   95   97   98   99  100  101  100   98   93   88   84   85   88   92   96  100
  106  113  121  128  131  131  130  127  123  118  116  115  118  121  122  121
  121  123  128  133  134  130  121  111  102   95   91   89   88   88   87   85
   81   77   74   72   72   71   69   65   60
    35.0-180.0 180.0   5.0 450.0                            LAT/LON1/LON2/DLON/H
   62   57   54   54   58   65   71   76   81   85   89   94   97   98   98   98
   99  100  101  101  101  101  100   98   93   89   87   89   95  102  107  112
  119  128  137  143  143  140  134  128  123  118  116  117  121  125  126  125
  125  129  136  143  146  141  130  117  106   98   93   90   89   89   87   84
   79   75   73   73   74   74   72   68   62
    32.5-180.0 180.0   5.0 450.0                            LAT/LON1/LON2/DLON/H
   65   59   54   53   55   60   65   70   74   79   85   92   98  101  102  102
  102  102  102  100   99   98   98   96   93   91   92   98  107  117  124  130
  137  147  155  159  156  148  138  130  124  120  118  120  124  128  130  130
  131  138  149  159  162  156  142  126  113  103   97   93   90   89   86   81
   76   71   69   70   73   75   74   70   65
    30.0-180.0 180.0   5.0 450.0                            LAT/LON1/LON2/DLON/H
   68   62   57   53   53   55   59   62   65   69   77   86   95  101  103  104
  104  103  102   99   97   95   95   94   94   94   99  109  122  134  142  149
  157  166  174  176  169  156  143  134  128  125  123  125  128  132  134  136
  140  151  166  179  182  173  157  138  123  111  103   97   92   88   83   77
   71   65   64   66   70   73   74   72   68
    27.5-180.0 180.0   5.0 450.0                            LAT/LON1/LON2/DLON/H
   70   66   61   56   53   53   54   55   56   59   66   77   89   97  102  103
  104  104  102   98   94   92   92   93   95   98  106  119  135  149  159  166
  174  184  191  191  180  164  150  141  136  134  132  131  133  137  140  144
  153  168  187  201  202  190  170  150  132  120  109  101   94   87   81   73
   65   60   58   60   65   69   72   72   70
    25.0-180.0 180.0   5.0 450.0                            LAT/LON1/LON2/DLON/H
   72   70   65   60   55   53   52   51   49   50   57   68   80   91   98  101
  103  104  102   98   94   91   92   94   98  103  113  127  144  159  170  177
  186  197  205  203  191  173  158  150  147  146  143  140  140  143  147  154
  168  188  208  221  218  202  179  157  139  126  115  105   96   88   79   71
   62   55   53   55   59   64   68   71   72
    22.5-180.0 180.0   5.0 450.0                            LAT/LON1/LON2/DLON/H
   72   72   69   63   58   55   53   50   46   45   49   59   72   84   92   97
  101  102  102   98   94   92   93   97  102  108  118  132  149  163  174  182
  192  204  214  213  201  183  169  163  162  161  156  151  149  150  156  167
  184  206  226  234  226  205  179  157  141  129  118  107   97   88   79   69
   60   53   49   50   54   58   63   68   72
    20.0-180.0 180.0   5.0 450.0                            LAT/LON1/LON2/DLON/H
   70   72   70   65   60   58   56   52   48   44   45   53   65   77   86   92
   96   99  100   98   96   95   98  103  108  114  122  134  149  162  171  180
  192  207  219  222  211  195  182  177  178  177  171  163  159  159  167  180
  200  222  237  238  223  196  169  149  135  126  117  106   97   88   79   69
   60   52   48   47   49   53   58   64   70
    17.5-180.0 180.0   5.0 450.0                            LAT/LON1/LON2/DLON/H
   66   70   69   65   61   59   59   57   52   47   46   51   61   71   79   86
   90   94   97   98   98  100  104  110  115  120  126  135  146  157  166  176
  190  207  223  229  222  208  196  193  193  192  185  175  169  170  178  193
  213  231  240  233  209  178  151  134  125  119  112  103   94   86   78   69
   60   52   47   46   46   49   53   59   66
    15.0-180.0 180.0   5.0 450.0                            LAT/LON1/LON2/DLON/H
   60   64   63   60   58   58   60   60   56   51   48   51   59   67   74   80
   84   88   92   96   99  104  111  118  123  127  131  137  145  153  162  172
  187  207  226  236  232  221  210  206  206  203  196  185  179  180  188  204
  221  234  235  218  188  155  130  116  111  108  103   96   89   83   76   68
   60   53   48   45   45   46   49   54   60
    12.5-180.0 180.0   5.0 450.0                            LAT/LON1/LON2/DLON/H
   53   55   55   52   52   54   59   61   59   54   51   53   59   66   72   75
   79   82   87   94  100  108  117  126  132  135  138  141  147  154  162  172
  188  209  230  242  242  232  222  216  214  210  202  192  186  187  196  210
  224  230  223  199  165  132  110  101   99   98   94   88   82   77   72   65
   58   52   48   45   44   44   45   49   53
    10.0-180.0 180.0   5.0 450.0                            LAT/LON1/LON2/DLON/H
   45   45   44   42   43   47   53   57   58   55   53   55   60   66   71   74
   76   79   84   92  101  112  122  132  139  144  147  150  155  161  169  178
  193  213  234  247  248  240  228  220  215  210  202  194  190  191  199  210
  220  221  207  179  144  115   97   91   90   88   84   78   73   69   65   60
   55   51   47   45   44   43   43   44   45
     7.5-180.0 180.0   5.0 450.0                            LAT/LON1/LON2/DLON/H
   37   35   33   32   33   38   45   50   52   51   51   54   60   67   72   75
   76   78   83   91  102  115  126  137  146  153  158  162  168  174  181  190
  202  219  237  249  250  241  228  217  209  202  196  190  188  190  197  205
  211  208  192  163  132  107   94   89   87   82   75   68   63   60   57   54
   51   48   46   45   44   43   41   39   37
     5.0-180.0 180.0   5.0 450.0                            LAT/LON1/LON2/DLON/H
   32   28   25   23   24   29   35   40   42   43   45   51   59   68   74   78
   79   81   85   94  105  117  129  141  151  161  169  176  183  191  198  204
  212  224  238  247  246  236  221  206  195  188  183  180  180  183  188  194
  198  193  178  153  128  109   99   94   88   79   69   60   55   51   50   48
   47   46   46   45   45   43   40   36   32
     2.5-180.0 180.0   5.0 450.0                            LAT/LON1/LON2/DLON/H
   29   24   20   18   19   23   26   29   31   32   36   44   55   67   76   82
   84   86   91   99  109  121  132  143  155  167  178  189  198  207  213  218
  221  227  234  238  235  223  206  190  177  170  167  167  168  171  175  179
  181  178  166  148  131  118  111  103   92   77   63   53   48   45   44   44
   45   46   46   46   45   44   41   35   29
