RECF/CODG0100.16I
     1.0            IONOSPHERE MAPS     GNSS                IONEX VERSION / TYPE
ADDNEQ2 V5.3        AIUB                14-JAN-16 20:01     PGM / RUN BY / DATE 
CODE'S GLOBAL IONOSPHERE MAPS FOR DAY 010, 2016             COMMENT             
Global ionosphere maps (GIM) are generated on a daily basis DESCRIPTION         
at CODE using data from about 300 GNSS sites of the IGS and DESCRIPTION         
other institutions. The vertical total electron content     DESCRIPTION         
(VTEC) is modeled in a solar-geomagnetic reference frame    DESCRIPTION         
using a spherical harmonics expansion up to degree and      DESCRIPTION         
order 15. Piece-wise linear functions are used for          DESCRIPTION         
representation in the time domain. The time spacing of      DESCRIPTION         
their vertices is 1 hour, conforming with the epochs of the DESCRIPTION         
VTEC maps. Instrumental biases, so-called differential      DESCRIPTION         
P1-P2 code biases (DCB), for all GNSS satellites and ground DESCRIPTION         
stations are estimated as constant values for each day,     DESCRIPTION         
simultaneously with the 25 times 256, or 6400 parameters    DESCRIPTION         
used to represent the global VTEC distribution. The DCB     DESCRIPTION         
datum is defined by a zero-mean condition imposed on the    DESCRIPTION         
satellite bias estimates. P1-C1 bias corrections are taken  DESCRIPTION         
into account if needed. To convert line-of-sight TEC into   DESCRIPTION         
vertical TEC, a modified single-layer model mapping         DESCRIPTION         
function approximating the JPL extended slab model mapping  DESCRIPTION         
function is adopted. The mapping function is evaluated at   DESCRIPTION         
geodetic satellite elevation angles. For the computation of DESCRIPTION         
the ionospheric pierce points, a spherical layer with a     DESCRIPTION         
radius of 6821 km is assumed, implying geocentric, not      DESCRIPTION         
geodetic IONEX latitudes.                                   DESCRIPTION         
Note: These GIM results correspond to the results for the   DESCRIPTION         
middle day of a 3-day combination analysis solving for 73   DESCRIPTION         
times 256, or 18688 VTEC parameters and 3 sets of daily     DESCRIPTION         
satellite and receiver DCB constants.                       DESCRIPTION         
Contact address: code(at)aiub.unibe.ch                      DESCRIPTION         
Web page:        www.aiub.unibe.ch/content/ionosphere/      DESCRIPTION         
Data archive:    ftp.unibe.ch/aiub/CODE/                    DESCRIPTION         
                 www.aiub.unibe.ch/download/CODE/           DESCRIPTION         
  2016     1    10     0     0     0                        EPOCH OF FIRST MAP  
  2016     1    11     0     0     0                        EPOCH OF LAST MAP   
  3600                                                      INTERVAL            
    25                                                      # OF MAPS IN FILE   
  NONE                                                      MAPPING FUNCTION    
    10.0                                                    ELEVATION CUTOFF    
One-way carrier phase leveled to code                       OBSERVABLES USED    
[...]
chti chur cnmr coco cord cpxf crar cro1 daej darw dav1 dgar COMMENT             
dgav dhlg drao dubo ebre fair faiv fale flin flrs frdn func COMMENT             
ganp glsv gmsd gode godz gold gope gras graz guam guat guug COMMENT             
harb hers hert hlfx hnpt hob2 hofn holb holm hrao iddr ieng COMMENT             
iisc ineg invk iqal irkj isba ispa joz2 joze karr kat1 kely COMMENT             
kerg khar kir0 kiru kit3 kokb kokv kouc kour lama lhaz lmmf COMMENT             
lpal lpgs m0se mac1 madr mag0 mal2 mana mas1 mat1 mate maui COMMENT             
maw1 mbar mcil mcm4 mdvj mets mgue mizu mkea mnls mobj mobk COMMENT             
mobs monp morp mqzg mtka nano nico nist nium nklg nlib not1 COMMENT             
novm nrc1 nril nrmd nya1 ohi2 ohi3 onsa opmt pado palv park COMMENT             
pbr2 pbri pdel penc pert pfa2 pie1 pimo pol2 polv pots pove COMMENT             
prds ptag ptbb qaq1 quin rabt ramo rbay rcmn recf reso reun COMMENT             
reyk rio2 riop roth salu savo sch2 scor sey1 sfer shao smst COMMENT             
sofi spt0 sthl stjo stk2 str2 suth sutm sutv suwn sydn syog COMMENT             
tabl tabv tash thti thu2 thu3 tid1 tidb tixg tixi tlse tn22 COMMENT             
tow2 tro1 tsea tskb twtf txes uclu ufpr ulab unb3 unbj urum COMMENT             
usud vaco vald vill vtsp wab2 wgtn whit will wind wsrt wtza COMMENT             
wtzr wtzs wtzz xmis yakt yar2 yar3 yarr yell yibl ykro yssk COMMENT             
zamb zeck zim2 zimj zimm zwe2                               COMMENT             
                                                            END OF HEADER       
[from data line 1716]
     5                                                      START OF TEC MAP    
  2016     1    10     4     0     0                        EPOCH OF CURRENT MAP
    87.5-180.0 180.0   5.0 450.0                            LAT/LON1/LON2/DLON/H
   36   36   37   38   39   39   40   41   42   43   43   44   45   45   46   46
   47   47   48   48   48   48   48   48   49   49   48   48   48   48   48   48
   47   47   47   46   46   45   45   44   44   43   42   42   41   40   40   39
   38   37   37   36   36   35   34   34   34   33   33   33   33   32   32   32
   33   33   33   33   34   34   35   35   36
    85.0-180.0 180.0   5.0 450.0                            LAT/LON1/LON2/DLON/H
   29   30   31   33   34   36   37   39   41   42   44   45   46   47   48   49
   49   50   50   50   50   50   50   50   50   50   50   50   50   50   50   50
   50   49   49   48   48   47   46   45   44   43   42   41   39   38   37   35
   34   33   32   31   30   29   28   27   26   26   25   25   24   24   24   24
   24   24   24   25   25   26   26   27   29
    82.5-180.0 180.0   5.0 450.0                            LAT/LON1/LON2/DLON/H
   22   23   25   26   29   31   33   36   38   41   43   45   46   47   48   49
   49   49   49   48   48   47   47   47   47   47   47   47   47   48   48   48
   48   48   48   48   48   47   46   45   44   42   41   39   37   36   34   32
   31   29   28   27   26   25   24   24   23   23   22   22   21   21   21   20
   20   19   19   19   19   19   20   21   22
    80.0-180.0 180.0   5.0 450.0                            LAT/LON1/LON2/DLON/H
   17   18   19   21   23   25   28   31   35   38   41   43   45   46   47   47
   47   46   45   43   42   41   40   39   39   39   40   41   42   43   44   45
   46   46   46   46   46   45   45   43   42   41   39   37   35   33   31   30
   28   27   26   26   25   25   25   26   26   26   26   26   26   26   25   24
   23   22   21   19   18   18   17   17   17
    77.5-180.0 180.0   5.0 450.0                            LAT/LON1/LON2/DLON/H
   16   16   16   16   18   20   23   27   30   34   38   41   43   44   45   45
   43   42   39   37   35   33   31   31   31   31   33   34   36   38   40   41
   42   43   44   43   43   42   42   40   39   37   36   34   32   31   29   28
   27   27   27   27   28   29   31   33   34   36   37   38   39   38   38   36
   34   32   30   27   24   22   20   18   16
    75.0-180.0 180.0   5.0 450.0                            LAT/LON1/LON2/DLON/H
   21   18   16   15   15   16   18   22   26   30   34   38   41   43   43   42
   40   38   34   31   28   25   24   23   24   25   27   30   33   35   38   39
   40   41   40   40   39   38   37   36   35   33   32   31   29   28   27   27
   27   27   29   31   33   36   40   43   47   50   53   55   56   57   56   54
   52   49   45   41   37   32   28   24   21
    72.5-180.0 180.0   5.0 450.0                            LAT/LON1/LON2/DLON/H
   30   24   20   16   14   14   15   18   22   27   31   36   39   41   42   41
   38   35   31   26   23   20   18   18   20   22   26   29   33   36   38   39
   39   38   37   36   34   32   31   30   29   29   28   27   26   26   25   26
   27   28   31   34   39   43   49   54   60   65   69   73   75   77   76   75
   72   68   63   58   53   47   41   36   30
    70.0-180.0 180.0   5.0 450.0                            LAT/LON1/LON2/DLON/H
   42   35   28   22   17   14   14   16   19   24   29   34   38   40   41   40
   37   33   28   24   20   17   16   16   18   22   26   31   35   38   40   40
   39   36   34   31   28   26   24   24   24   24   24   24   24   24   24   25
   27   29   33   38   43   49   56   62   69   76   82   87   91   93   93   92
   89   85   81   76   70   64   57   50   42
    67.5-180.0 180.0   5.0 450.0                            LAT/LON1/LON2/DLON/H
   57   47   38   29   22   17   15   15   18   22   28   33   37   39   40   39
   36   32   28   23   18   16   15   16   19   23   28   33   38   41   42   41
   38   34   29   25   22   19   18   18   19   20   21   22   22   22   23   24
   26   30   35   40   46   52   59   66   74   82   89   96  101  104  104  103
  101   98   94   89   85   79   73   65   57
    65.0-180.0 180.0   5.0 450.0                            LAT/LON1/LON2/DLON/H
   71   60   49   39   30   23   18   17   19   22   27   32   36   39   40   39
   36   32   27   22   18   15   14   15   19   24   29   35   39   41   42   40
   36   31   25   20   16   14   13   14   16   18   20   21   21   21   22   23
   26   31   36   42   48   54   60   66   74   82   90   97  103  107  109  108
  106  103  100   98   95   91   86   79   71
    62.5-180.0 180.0   5.0 450.0                            LAT/LON1/LON2/DLON/H
   83   72   61   49   38   29   23   20   20   23   27   31   35   38   39   38
   36   32   28   23   18   15   13   14   18   23   28   34   38   40   39   37
   33   27   22   17   13   11   11   13   16   19   21   22   22   22   22   24
   27   33   39   45   50   55   60   65   71   79   87   95  102  106  108  107
  105  103  102  101  101   99   96   91   83
    60.0-180.0 180.0   5.0 450.0                            LAT/LON1/LON2/DLON/H
   93   83   71   59   47   37   30   25   24   24   27   30   33   36   37   37
   35   32   28   23   18   14   11   12   15   20   25   30   34   35   34   32
   29   24   20   16   13   12   13   15   19   22   25   25   24   23   23   26
   30   37   44   51   56   60   63   66   70   77   85   93  100  105  106  104
  102  100  100  101  103  104  104  100   93
    57.5-180.0 180.0   5.0 450.0                            LAT/LON1/LON2/DLON/H
  100   91   81   69   57   47   38   32   28   27   28   29   32   34   35   35
   34   32   28   22   17   12   10   10   12   17   22   26   29   29   29   27
   25   23   21   19   17   17   18   21   25   28   30   30   28   27   27   30
   36   44   53   61   66   70   71   73   75   80   88   96  102  106  106  104
  100   97   97  100  104  108  109  107  100
    55.0-180.0 180.0   5.0 450.0                            LAT/LON1/LON2/DLON/H
  107   99   89   79   68   58   48   40   34   30   29   29   30   31   33   33
   33   31   28   23   17   12    9    9   11   16   20   24   25   25   24   24
   24   24   25   25   24   24   26   29   32   35   36   36   33   32   32   36
   44   55   66   75   82   85   86   86   88   91   97  104  110  113  111  107
  101   98   97  101  106  111  114  112  107
    52.5-180.0 180.0   5.0 450.0                            LAT/LON1/LON2/DLON/H
  113  106   98   89   80   70   60   50   41   35   31   30   29   30   31   32
   32   31   28   24   18   13   10   10   13   18   23   25   25   24   22   23
   25   28   31   33   34   34   35   37   40   42   43   42   40   39   40   46
   55   68   81   92  101  105  107  107  107  109  114  119  123  124  121  114
  106  101  101  104  110  116  119  117  113
    50.0-180.0 180.0   5.0 450.0                            LAT/LON1/LON2/DLON/H
  117  112  106  100   93   84   73   62   51   42   36   32   30   30   31   32
   33   32   30   26   21   17   15   16   20   26   30   31   29   26   24   25
   28   34   39   43   45   45   44   45   47   49   50   49   48   47   50   57
   68   81   96  109  119  126  129  130  129  130  133  136  138  136  131  122
  113  107  106  109  115  121  123  122  117
    47.5-180.0 180.0   5.0 450.0                            LAT/LON1/LON2/DLON/H
  121  116  112  109  105   98   87   75   62   51   43   37   34   33   33   34
   35   35   33   30   27   24   24   27   32   38   42   42   38   33   29   29
   34   41   48   53   54   54   52   52   53   55   56   57   56   58   62   70
   81   94  108  122  134  143  149  151  151  150  149  150  149  146  138  129
  119  112  111  114  120  125  127  125  121
    45.0-180.0 180.0   5.0 450.0                            LAT/LON1/LON2/DLON/H
  121  117  115  115  114  109  100   88   74   62   53   45   40   38   37   38
   39   39   38   37   35   35   36   41   47   53   56   55   49   42   36   35
   40   47   55   60   62   60   58   58   59   61   63   64   66   69   74   83
   93  104  116  129  142  153  162  166  166  164  161  157  154  148  140  130
  120  114  113  116  121  126  128  125  121
    42.5-180.0 180.0   5.0 450.0                            LAT/LON1/LON2/DLON/H
  118  115  114  116  118  116  109   99   87   75   65   56   50   47   45   45
   45   45   46   46   47   48   51   57   63   68   70   67   60   51   44   42
   46   53   60   65   66   65   63   62   63   66   69   72   75   81   87   95
  103  111  119  130  143  156  168  174  175  171  165  158  152  144  135  126
  118  113  112  115  120  124  125  122  118
    40.0-180.0 180.0   5.0 450.0                            LAT/LON1/LON2/DLON/H
  112  108  108  111  115  116  113  106   97   87   78   69   62   58   55   54
   54   55   56   59   62   65   68   73   77   81   81   77   68   58   51   48
   51   57   64   68   69   67   65   65   67   70   75   79   85   92  100  107
  113  116  120  127  139  154  168  177  178  174  165  156  147  137  128  120
  114  111  111  114  118  121  121  118  112
    37.5-180.0 180.0   5.0 450.0                            LAT/LON1/LON2/DLON/H
  107  101   98  101  106  109  110  107  103   97   90   82   75   70   67   66
   65   67   70   74   79   83   85   87   89   90   88   82   74   64   57   55
   56   61   66   69   69   68   68   68   71   75   80   85   93  101  111  118
  121  121  121  125  136  153  169  179  182  178  169  158  147  136  126  119
  114  113  113  115  118  119  118  114  107
    35.0-180.0 180.0   5.0 450.0                            LAT/LON1/LON2/DLON/H
  106   95   88   87   91   97  101  103  103  103   99   94   87   82   79   78
   78   80   85   91   97  100  100   98   96   93   90   84   77   69   64   62
   63   66   68   70   70   69   70   71   74   78   84   90   98  109  120  128
  131  129  127  129  140  157  175  188  192  190  182  172  160  147  136  129
  125  125  125  126  125  125  122  116  106
    32.5-180.0 180.0   5.0 450.0                            LAT/LON1/LON2/DLON/H
  114   96   82   75   76   81   87   93   98  103  104  101   96   92   90   90
   91   94  100  108  114  115  111  105   99   93   89   84   79   75   72   71
   71   72   72   71   70   70   71   74   77   80   85   92  101  114  127  138
  143  142  140  143  155  173  192  207  215  216  213  205  193  178  165  156
  152  152  151  149  146  143  138  128  114
    30.0-180.0 180.0   5.0 450.0                            LAT/LON1/LON2/DLON/H
  134  108   85   71   66   68   73   80   89   97  102  103  100   99   98   99
  101  106  113  121  126  124  117  107   98   92   87   85   84   83   83   83
   82   80   77   74   71   71   73   75   77   80   84   91  101  116  133  148
  158  161  163  169  182  201  222  239  251  259  261  258  247  231  214  201
  196  195  193  189  182  175  168  155  134
    27.5-180.0 180.0   5.0 450.0                            LAT/LON1/LON2/DLON/H
  170  135  102   78   66   63   64   69   78   88   96   99  100  100  102  105
  108  113  121  129  132  127  117  106   97   91   89   90   92   95   97   97
   94   89   83   77   73   72   73   74   75   76   79   86   99  117  138  159
  175  185  193  203  220  241  262  281  298  313  324  326  318  300  278  261
  253  250  248  241  232  223  213  197  170
    25.0-180.0 180.0   5.0 450.0                            LAT/LON1/LON2/DLON/H
  218  175  133  100   81   70   64   63   68   78   87   92   95   98  102  105
  109  115  122  129  129  122  112  102   96   94   95   99  105  111  114  113
  108   99   89   80   73   71   71   71   70   69   72   80   95  117  143  169
  193  211  226  243  262  284  306  327  348  371  390  399  394  374  349  327
  315  311  308  301  290  280  269  250  218
    22.5-180.0 180.0   5.0 450.0                            LAT/LON1/LON2/DLON/H
  274  226  176  137  111   92   77   67   65   70   79   85   89   93   98  102
  106  110  117  121  119  111  103   98   99  102  107  113  121  129  131  128
  120  108   94   81   73   69   68   66   63   61   63   73   91  116  147  179
  209  235  257  279  302  324  345  367  392  420  447  462  461  441  412  387
  372  368  366  359  349  339  328  309  274
    20.0-180.0 180.0   5.0 450.0                            LAT/LON1/LON2/DLON/H
  330  280  227  184  154  128  103   82   71   70   76   81   85   90   95   98
   99  102  106  108  105   98   94   97  106  115  123  131  139  145  146  140
  128  112   96   81   71   66   64   61   56   52   55   68   89  118  152  188
  223  254  282  307  331  351  371  392  419  451  483  504  506  488  458  430
  414  410  410  407  399  391  383  365  330
    17.5-180.0 180.0   5.0 450.0                            LAT/LON1/LON2/DLON/H
  378  329  278  236  205  175  141  109   88   81   81   84   87   91   94   95
   94   94   96   95   91   86   89  101  119  134  143  149  154  158  156  147
  131  113   94   78   67   63   61   57   50   46   49   64   89  121  157  195
  232  266  296  322  345  363  379  399  425  458  492  516  522  507  480  452
  436  433  436  436  432  428  424  410  378
    15.0-180.0 180.0   5.0 450.0                            LAT/LON1/LON2/DLON/H
  412  369  323  286  257  226  187  146  117  103   99   98   99  100  101   98
   94   91   90   88   84   82   92  114  138  156  163  164  165  165  160  147
  129  109   90   74   63   60   58   54   47   42   47   65   93  126  163  201
  237  271  300  325  344  359  371  387  411  442  474  498  507  499  476  452
  438  437  443  447  447  447  447  439  412
    12.5-180.0 180.0   5.0 450.0                            LAT/LON1/LON2/DLON/H
  430  395  357  328  305  276  235  190  155  136  128  124  120  118  116  110
  102   96   94   91   88   90  106  134  163  179  181  176  171  166  157  141
  122  103   84   69   60   58   58   54   46   41   48   68   99  133  169  204
  238  269  296  318  334  344  352  364  383  410  437  460  472  470  456  437
  426  427  435  442  446  449  454  450  430
    10.0-180.0 180.0   5.0 450.0                            LAT/LON1/LON2/DLON/H
  435  408  379  359  344  319  280  236  200  179  167  159  151  146  139  130
  119  112  109  107  106  111  130  162  190  202  196  182  171  161  149  132
  113   95   78   65   57   57   59   56   48   44   52   74  106  141  174  206
  237  265  289  308  320  326  330  338  353  373  394  414  428  434  429  418
  411  413  422  430  436  441  448  449  435
     7.5-180.0 180.0   5.0 450.0                            LAT/LON1/LON2/DLON/H
  433  413  392  381  372  354  319  279  246  225  212  200  188  179  169  156
  144  137  136  136  136  142  162  193  217  222  207  185  167  153  139  122
  104   88   74   62   57   58   62   60   52   48   57   82  115  148  179  208
  235  261  284  300  310  313  315  320  332  346  360  375  392  405  410  407
  402  405  413  422  427  431  438  441  433
     5.0-180.0 180.0   5.0 450.0                            LAT/LON1/LON2/DLON/H
  431  416  402  395  391  378  350  315  288  271  257  242  226  213  200  186
  173  167  168  172  174  179  197  222  240  237  214  185  162  146  130  113
   97   84   72   62   58   60   64   62   55   52   63   89  122  154  183  209
  235  261  284  301  310  312  313  317  326  336  345  357  374  394  407  411
  409  411  418  425  427  429  434  437  431
     2.5-180.0 180.0   5.0 450.0                            LAT/LON1/LON2/DLON/H
  437  424  412  408  405  394  371  343  323  309  296  278  259  243  228  212
  199  196  201  208  211  215  227  245  255  245  217  185  160  141  124  107
   94   84   74   65   60   62   65   64   57   56   68   95  128  159  185  211
  238  266  291  310  321  324  325  331  339  347  353  363  381  405  424  432
  433  434  440  444  443  441  441  442  437
