RECF/CODG0100.16I
     1.0            IONOSPHERE MAPS     GNSS                IONEX VERSION / TYPE
ADDNEQ2 V5.3        AIUB                14-JAN-16 20:01     PGM / RUN BY / DATE 
CODE'S GLOBAL IONOSPHERE MAPS FOR DAY 010, 2016             COMMENT             
Global ionosphere maps (GIM) are generated on a daily basis DESCRIPTION         
at CODE using data from about 300 GNSS sites of the IGS and DESCRIPTION         
other institutions. The vertical total electron content     DESCRIPTION         
(VTEC) is modeled in a solar-geomagnetic reference frame    DESCRIPTION         
using a spherical harmonics expansion up to degree and      DESCRIPTION         
order 15. Piece-wise linear functions are used for          DESCRIPTION         
representation in the time domain. The time spacing of      DESCRIPTION         
their vertices is 1 hour, conforming with the epochs of the DESCRIPTION         
VTEC maps. Instrumental biases, so-called differential      DESCRIPTION         
P1-P2 code biases (DCB), for all GNSS satellites and ground DESCRIPTION         
stations are estimated as constant values for each day,     DESCRIPTION         
simultaneously with the 25 times 256, or 6400 parameters    DESCRIPTION         
used to represent the global VTEC distribution. The DCB     DESCRIPTION         
datum is defined by a zero-mean condition imposed on the    DESCRIPTION         
satellite bias estimates. P1-C1 bias corrections are taken  DESCRIPTION         
into account if needed. To convert line-of-sight TEC into   DESCRIPTION         
vertical TEC, a modified single-layer model mapping         DESCRIPTION         
function approximating the JPL extended slab model mapping  DESCRIPTION         
function is adopted. The mapping function is evaluated at   DESCRIPTION         
geodetic satellite elevation angles. For the computation of DESCRIPTION         
the ionospheric pierce points, a spherical layer with a     DESCRIPTION         
radius of 6821 km is assumed, implying geocentric, not      DESCRIPTION         
geodetic IONEX latitudes.                                   DESCRIPTION         
Note: These GIM results correspond to the results for the   DESCRIPTION         
middle day of a 3-day combination analysis solving for 73   DESCRIPTION         
times 256, or 18688 VTEC parameters and 3 sets of daily     DESCRIPTION         
satellite and receiver DCB constants.                       DESCRIPTION         
Contact address: code(at)aiub.unibe.ch                      DESCRIPTION         
Web page:        www.aiub.unibe.ch/content/ionosphere/      DESCRIPTION         
Data archive:    ftp.unibe.ch/aiub/CODE/                    DESCRIPTION         
                 www.aiub.unibe.ch/download/CODE/           DESCRIPTION         
  2016     1    10     0     0     0                        EPOCH OF FIRST MAP  
  2016     1    11     0     0     0                        EPOCH OF LAST MAP   
  3600                                                      INTERVAL            
    25                                                      # OF MAPS IN FILE   
  NONE                                                      MAPPING FUNCTION    
    10.0                                                    ELEVATION CUTOFF    
One-way carrier phase leveled to code                       OBSERVABLES USED    
[...]
chti chur cnmr coco cord cpxf crar cro1 daej darw dav1 dgar COMMENT             
dgav dhlg drao dubo ebre fair faiv fale flin flrs frdn func COMMENT             
ganp glsv gmsd gode godz gold gope gras graz guam guat guug COMMENT             
harb hers hert hlfx hnpt hob2 hofn holb holm hrao iddr ieng COMMENT             
iisc ineg invk iqal irkj isba ispa joz2 joze karr kat1 kely COMMENT             
kerg khar kir0 kiru kit3 kokb kokv kouc kour lama lhaz lmmf COMMENT             
lpal lpgs m0se mac1 madr mag0 mal2 mana mas1 mat1 mate maui COMMENT             
maw1 mbar mcil mcm4 mdvj mets mgue mizu mkea mnls mobj mobk COMMENT             
mobs monp morp mqzg mtka nano nico nist nium nklg nlib not1 COMMENT             
novm nrc1 nril nrmd nya1 ohi2 ohi3 onsa opmt pado palv park COMMENT             
pbr2 pbri pdel penc pert pfa2 pie1 pimo pol2 polv pots pove COMMENT             
prds ptag ptbb qaq1 quin rabt ramo rbay rcmn recf reso reun COMMENT             
reyk rio2 riop roth salu savo sch2 scor sey1 sfer shao smst COMMENT             
sofi spt0 sthl stjo stk2 str2 suth sutm sutv suwn sydn syog COMMENT             
tabl tabv tash thti thu2 thu3 tid1 tidb tixg tixi tlse tn22 COMMENT             
tow2 tro1 tsea tskb twtf txes uclu ufpr ulab unb3 unbj urum COMMENT             
usud vaco vald vill vtsp wab2 wgtn whit will wind wsrt wtza COMMENT             
wtzr wtzs wtzz xmis yakt yar2 yar3 yarr yell yibl ykro yssk COMMENT             
zamb zeck zim2 zimj zimm zwe2                               COMMENT             
                                                            END OF HEADER       
[from data line 858]
     3                                                      START OF TEC MAP    
  2016     1    10     2     0     0                        EPOCH OF CURRENT MAP
    87.5-180.0 180.0   5.0 450.0                            LAT/LON1/LON2/DLON/H
   48   48   48   48   48   48   49   49   49   49   49   49   49   49   48   48
   48   47   47   46   46   46   45   45   44   44   44   43   43   43   43   43
   43   43   44   44   44   45   45   45   46   46   46   47   47   47   47   48
   48   48   48   48   48   48   48   48   47   47   47   47   47   47   47   47
   47   47   47   47   47   47   47   47   48
    85.0-180.0 180.0   5.0 450.0                            LAT/LON1/LON2/DLON/H
   43   43   44   45   46   46   47   48   49   49   49   50   50   50   49   48
   48   47   45   44   42   41   39   38   37   35   34   34   33   33   33   33
   34   34   35   36   37   38   40   41   42   43   44   45   46   46   47   47
   47   47   47   46   46   45   45   44   43   43   42   42   41   41   41   40
   40   40   40   41   41   41   42   42   43
    82.5-180.0 180.0   5.0 450.0                            LAT/LON1/LON2/DLON/H
   37   38   39   40   41   43   44   46   47   49   50   51   51   51   51   50
   48   47   44   42   39   36   33   30   28   25   24   22   21   21   21   22
   23   24   26   28   30   32   35   37   39   41   43   44   45   46   46   46
   46   45   44   43   42   41   39   38   37   35   35   34   33   33   33   32
   33   33   33   33   34   34   35   36   37
    80.0-180.0 180.0   5.0 450.0                            LAT/LON1/LON2/DLON/H
   33   34   34   36   37   39   41   43   45   48   50   51   53   53   53   52
   50   48   45   41   37   32   28   24   20   17   15   13   12   12   13   14
   16   18   20   23   26   29   32   35   37   39   41   43   44   45   45   44
   44   42   40   38   36   34   32   30   28   27   26   26   26   26   26   27
   27   28   29   30   30   31   32   32   33
    77.5-180.0 180.0   5.0 450.0                            LAT/LON1/LON2/DLON/H
   35   35   35   35   36   37   38   41   43   46   49   51   53   55   55   54
   53   50   46   41   36   31   25   20   16   13   10    9    9    9   10   12
   15   17   20   23   26   29   32   34   37   39   41   42   43   43   43   42
   40   38   36   33   30   27   24   22   21   20   20   21   22   23   25   27
   29   30   32   33   34   35   35   35   35
    75.0-180.0 180.0   5.0 450.0                            LAT/LON1/LON2/DLON/H
   45   43   41   40   39   38   39   40   42   45   48   50   53   55   56   55
   54   51   47   42   37   31   26   21   17   14   12   12   12   13   15   18
   20   23   25   27   29   31   33   35   36   38   39   41   41   41   41   39
   37   34   31   27   24   21   18   17   16   17   18   20   23   26   30   34
   37   40   43   45   46   47   47   46   45
    72.5-180.0 180.0   5.0 450.0                            LAT/LON1/LON2/DLON/H
   61   58   54   50   47   44   43   42   43   44   46   48   51   52   54   54
   53   51   47   43   38   33   28   24   21   19   19   19   21   23   25   28
   30   32   33   34   34   35   35   35   35   36   37   38   38   38   37   36
   33   30   27   23   19   16   15   14   15   17   21   25   30   36   41   46
   51   56   60   63   65   66   66   64   61
    70.0-180.0 180.0   5.0 450.0                            LAT/LON1/LON2/DLON/H
   81   76   70   64   58   53   49   47   45   45   45   46   47   48   49   49
   49   48   45   42   38   34   31   28   27   26   27   29   31   34   36   38
   40   40   40   40   38   36   35   33   32   32   33   33   34   34   34   33
   30   27   24   20   17   15   14   15   18   23   29   35   42   49   56   62
   68   74   79   83   86   87   87   85   81
    67.5-180.0 180.0   5.0 450.0                            LAT/LON1/LON2/DLON/H
  100   93   86   78   70   63   57   53   49   46   44   43   42   42   42   43
   43   43   42   40   38   35   33   32   32   33   34   37   39   41   43   45
   45   45   44   41   38   35   32   30   28   27   28   29   30   31   31   30
   28   25   22   19   16   15   16   19   25   32   39   48   56   64   71   78
   84   90   96  101  104  106  106  104  100
    65.0-180.0 180.0   5.0 450.0                            LAT/LON1/LON2/DLON/H
  114  107   98   89   81   73   66   60   54   49   44   40   37   35   34   35
   36   37   38   37   36   34   33   33   34   36   38   40   42   43   44   44
   44   43   42   39   35   31   28   25   23   23   24   25   27   28   29   28
   27   24   21   19   18   18   21   26   34   43   52   61   70   77   84   89
   95  101  107  112  117  119  120  118  114
    62.5-180.0 180.0   5.0 450.0                            LAT/LON1/LON2/DLON/H
  121  114  106   97   88   79   72   66   60   53   46   39   33   29   28   29
   31   33   34   34   33   32   32   32   34   35   37   38   38   38   37   37
   37   36   35   33   30   26   23   21   20   20   22   24   26   27   28   27
   26   24   22   20   21   23   27   35   44   55   65   75   83   89   93   97
  101  106  111  117  122  125  127  125  121
    60.0-180.0 180.0   5.0 450.0                            LAT/LON1/LON2/DLON/H
  124  117  109  101   92   84   77   71   65   58   49   40   32   26   24   25
   27   30   32   32   31   29   29   29   30   32   32   31   30   28   26   25
   26   26   27   27   25   23   21   20   20   21   23   26   28   29   29   28
   26   25   23   23   25   29   36   45   56   67   78   87   93   97   99  101
  103  106  111  117  122  126  128  127  124
    57.5-180.0 180.0   5.0 450.0                            LAT/LON1/LON2/DLON/H
  124  119  112  104   95   88   82   77   71   64   54   44   34   27   24   24
   27   30   32   31   28   26   25   25   26   27   27   24   21   17   15   14
   16   18   21   23   24   24   23   23   23   25   28   31   33   33   32   30
   28   26   26   28   31   38   46   57   69   80   91   98  103  105  104  104
  104  106  110  115  121  125  127  127  124
    55.0-180.0 180.0   5.0 450.0                            LAT/LON1/LON2/DLON/H
  126  123  117  110  102   94   88   83   78   70   61   49   38   30   27   27
   30   33   33   31   26   23   21   22   23   24   23   20   15   11    8    8
   11   16   21   25   28   29   29   29   31   34   37   39   40   39   36   33
   31   29   30   34   40   48   59   70   82   94  103  109  112  112  110  108
  108  109  112  117  121  125  127  128  126
    52.5-180.0 180.0   5.0 450.0                            LAT/LON1/LON2/DLON/H
  132  131  128  122  114  105   98   92   86   79   69   57   45   36   32   33
   35   37   36   31   25   21   19   21   24   26   25   21   16   11    8    9
   13   20   26   32   36   37   38   39   40   43   46   48   49   46   42   38
   34   34   36   42   51   61   73   85   97  107  115  120  122  121  119  116
  115  116  119  122  125  128  130  131  132
    50.0-180.0 180.0   5.0 450.0                            LAT/LON1/LON2/DLON/H
  141  144  144  140  132  122  112  103   96   88   78   66   53   44   39   39
   41   41   38   32   26   21   21   24   28   31   31   28   23   18   16   17
   22   29   36   43   46   48   48   48   50   53   56   58   57   54   49   43
   40   39   43   52   63   76   89  101  111  120  126  130  131  131  129  128
  127  128  129  131  133  134  136  138  141
    47.5-180.0 180.0   5.0 450.0                            LAT/LON1/LON2/DLON/H
  150  157  161  160  153  141  128  117  107   98   87   75   62   52   47   46
   46   44   40   34   28   25   27   32   37   41   42   39   34   30   28   30
   34   41   48   53   56   57   56   56   58   61   64   66   66   62   56   50
   46   46   52   62   76   91  104  115  124  130  135  137  139  141  141  141
  141  141  141  141  140  140  140  144  150
    45.0-180.0 180.0   5.0 450.0                            LAT/LON1/LON2/DLON/H
  155  166  176  179  173  160  144  130  118  108   97   84   72   61   55   52
   51   48   44   38   34   33   37   43   49   53   53   50   46   43   41   42
   46   51   57   61   63   63   62   61   62   66   70   73   74   70   64   57
   53   53   60   72   88  104  118  128  134  138  140  142  145  149  152  154
  154  153  151  148  145  142  141  145  155
    42.5-180.0 180.0   5.0 450.0                            LAT/LON1/LON2/DLON/H
  151  167  181  189  186  174  157  141  128  117  106   94   81   70   63   59
   56   53   49   46   45   47   52   57   62   64   62   59   55   53   51   52
   54   57   61   65   66   65   64   63   65   69   75   79   81   78   72   65
   60   60   67   81   98  116  129  138  141  142  142  144  149  155  161  164
  165  162  157  151  144  139  137  141  151
    40.0-180.0 180.0   5.0 450.0                            LAT/LON1/LON2/DLON/H
  140  157  175  187  188  177  161  146  134  124  113  102   90   80   73   68
   64   61   59   58   60   64   69   73   74   72   67   63   60   58   56   56
   57   59   63   66   67   66   64   64   67   72   79   85   88   86   81   74
   67   66   73   87  106  124  138  144  146  144  143  144  150  159  167  171
  171  166  158  149  141  133  129  130  140
    37.5-180.0 180.0   5.0 450.0                            LAT/LON1/LON2/DLON/H
  127  142  160  174  177  170  157  144  135  127  119  109   99   90   83   79
   75   73   73   75   80   84   88   87   83   75   68   62   59   58   58   57
   58   60   64   67   68   67   65   66   69   76   84   90   94   94   89   81
   74   71   77   91  111  130  144  150  150  146  144  146  153  163  172  177
  176  169  159  149  140  131  124  121  127
    35.0-180.0 180.0   5.0 450.0                            LAT/LON1/LON2/DLON/H
  121  129  143  155  159  155  146  137  132  128  123  115  107  100   95   91
   88   87   89   94  100  104  103   98   88   76   66   60   58   58   59   59
   60   63   68   71   72   71   69   70   74   80   88   96  100  100   96   88
   79   75   79   94  114  135  150  157  157  153  151  152  159  170  180  186
  184  176  165  156  149  140  131  123  121
    32.5-180.0 180.0   5.0 450.0                            LAT/LON1/LON2/DLON/H
  133  130  134  140  142  139  132  128  127  127  125  119  113  109  106  103
  101  101  104  110  116  118  113  103   89   75   66   61   61   62   64   65
   68   73   79   83   83   80   77   76   80   86   93   99  103  104  100   92
   82   77   81   96  118  141  159  168  169  167  166  168  175  185  195  201
  199  191  183  178  175  169  158  144  133
    30.0-180.0 180.0   5.0 450.0                            LAT/LON1/LON2/DLON/H
  171  155  146  142  137  130  123  121  123  126  126  122  118  115  114  113
  112  112  115  120  124  123  115  102   88   76   70   69   71   74   77   79
   84   91   98  101   98   92   87   84   86   90   95  100  103  104  101   93
   83   78   83   99  124  150  171  183  189  191  192  194  200  210  220  226
  225  220  216  217  221  221  212  193  171
    27.5-180.0 180.0   5.0 450.0                            LAT/LON1/LON2/DLON/H
  238  209  186  168  153  138  127  123  125  128  128  124  120  118  118  118
  116  115  117  121  122  118  109   97   87   82   82   86   91   96   99  102
  107  116  122  123  117  106   97   92   91   92   94   96   98   99   97   91
   82   78   85  104  132  162  187  204  215  222  227  231  236  244  254  261
  262  261  263  273  287  295  289  268  238
    25.0-180.0 180.0   5.0 450.0                            LAT/LON1/LON2/DLON/H
  327  288  252  221  193  167  147  136  134  135  132  126  120  117  118  117
  114  111  110  111  110  105   97   90   89   93  102  112  121  125  127  129
  134  142  148  145  133  118  105   97   93   90   88   87   88   89   89   85
   79   78   88  110  143  177  206  228  245  259  268  274  279  286  295  303
  307  311  320  338  362  380  381  361  327
    22.5-180.0 180.0   5.0 450.0                            LAT/LON1/LON2/DLON/H
  424  381  337  296  256  218  186  164  154  149  141  131  121  116  113  111
  105   99   96   95   93   89   85   87   96  112  130  145  154  157  156  156
  159  165  167  160  143  123  107   97   90   84   78   74   74   76   77   76
   75   77   91  117  153  191  224  251  274  294  308  317  323  329  339  348
  355  362  377  402  435  463  472  458  424
    20.0-180.0 180.0   5.0 450.0                            LAT/LON1/LON2/DLON/H
  511  470  426  380  333  284  239  205  184  170  156  140  125  115  109  103
   94   86   81   80   79   78   80   91  112  137  161  179  187  186  181  176
  176  178  176  164  144  121  104   93   85   75   65   58   57   60   64   67
   69   76   93  124  164  204  239  270  297  322  342  353  360  368  377  388
  397  406  423  453  491  526  544  538  511
    17.5-180.0 180.0   5.0 450.0                            LAT/LON1/LON2/DLON/H
  569  538  500  458  409  354  299  253  221  199  179  156  136  121  110  100
   87   77   73   74   77   81   89  107  135  166  192  207  212  206  195  185
  181  179  173  158  135  113   97   87   77   65   52   44   42   46   52   57
   63   74   96  130  172  213  249  281  311  339  362  377  386  395  406  418
  427  436  452  481  519  558  583  586  569
    15.0-180.0 180.0   5.0 450.0                            LAT/LON1/LON2/DLON/H
  588  570  545  513  471  417  358  304  263  234  208  181  156  135  120  106
   91   81   80   86   94  102  115  136  165  194  217  227  225  214  198  184
  175  169  160  142  119  100   88   80   71   57   43   33   32   36   43   50
   58   73   98  135  177  218  253  284  314  344  369  386  397  408  421  433
  441  448  460  483  517  554  582  594  588
    12.5-180.0 180.0   5.0 450.0                            LAT/LON1/LON2/DLON/H
  566  562  553  538  510  464  406  350  305  273  244  215  186  162  143  126
  111  102  105  118  132  144  156  174  198  220  233  236  228  212  192  174
  162  153  141  123  103   88   81   77   69   54   39   29   27   31   38   46
   56   74  102  140  182  221  254  282  310  338  362  381  394  408  422  434
  440  443  449  464  490  520  546  562  566
    10.0-180.0 180.0   5.0 450.0                            LAT/LON1/LON2/DLON/H
  514  521  528  531  521  490  441  388  344  312  284  255  225  200  179  161
  146  141  150  169  188  201  208  217  228  238  240  234  221  203  183  163
  149  138  125  108   91   81   78   77   70   57   41   32   30   33   38   46
   58   78  107  145  186  223  252  276  300  325  347  366  381  397  412  424
  428  427  428  435  450  469  489  504  514
     7.5-180.0 180.0   5.0 450.0                            LAT/LON1/LON2/DLON/H
  451  464  482  501  509  495  459  415  377  349  325  299  271  246  226  208
  195  193  208  232  253  262  260  256  252  248  240  228  213  196  177  158
  143  131  118  103   88   81   81   82   76   63   49   41   39   40   44   50
   63   85  116  153  192  225  251  272  292  312  331  348  364  381  397  408
  412  410  407  407  412  421  431  441  451
     5.0-180.0 180.0   5.0 450.0                            LAT/LON1/LON2/DLON/H
  401  414  436  465  487  488  466  433  403  382  364  342  317  295  276  260
  249  250  268  294  314  316  302  282  264  249  234  221  208  195  180  163
  148  135  123  108   95   88   88   88   83   71   59   53   51   50   52   58
   72   96  128  164  200  230  254  272  288  303  318  333  348  366  382  394
  398  398  396  394  392  391  391  394  401
     2.5-180.0 180.0   5.0 450.0                            LAT/LON1/LON2/DLON/H
  382  390  410  440  467  478  466  444  423  410  398  381  360  341  324  310
  299  301  318  343  357  350  324  291  263  243  228  219  213  206  195  179
  164  152  139  124  109  100   97   95   88   78   69   64   63   61   61   67
   83  109  142  177  210  237  258  274  288  301  313  324  338  355  372  385
  392  397  400  401  398  392  385  381  382
