RECF/CODG0100.16I
     1.0            IONOSPHERE MAPS     GNSS                IONEX VERSION / TYPE
ADDNEQ2 V5.3        AIUB                14-JAN-16 20:01     PGM / RUN BY / DATE 
CODE'S GLOBAL IONOSPHERE MAPS FOR DAY 010, 2016             COMMENT             
Global ionosphere maps (GIM) are generated on a daily basis DESCRIPTION         
at CODE using data from about 300 GNSS sites of the IGS and DESCRIPTION         
other institutions. The vertical total electron content     DESCRIPTION         
(VTEC) is modeled in a solar-geomagnetic reference frame    DESCRIPTION         
using a spherical harmonics expansion up to degree and      DESCRIPTION         
order 15. Piece-wise linear functions are used for          DESCRIPTION         
representation in the time domain. The time spacing of      DESCRIPTION         
their vertices is 1 hour, conforming with the epochs of the DESCRIPTION         
VTEC maps. Instrumental biases, so-called differential      DESCRIPTION         
P1-P2 code biases (DCB), for all GNSS satellites and ground DESCRIPTION         
stations are estimated as constant values for each day,     DESCRIPTION         
simultaneously with the 25 times 256, or 6400 parameters    DESCRIPTION         
used to represent the global VTEC distribution. The DCB     DESCRIPTION         
datum is defined by a zero-mean condition imposed on the    DESCRIPTION         
satellite bias estimates. P1-C1 bias corrections are taken  DESCRIPTION         
into account if needed. To convert line-of-sight TEC into   DESCRIPTION         
vertical TEC, a modified single-layer model mapping         DESCRIPTION         
function approximating the JPL extended slab model mapping  DESCRIPTION         
function is adopted. The mapping function is evaluated at   DESCRIPTION         
geodetic satellite elevation angles. For the computation of DESCRIPTION         
the ionospheric pierce points, a spherical layer with a     DESCRIPTION         
radius of 6821 km is assumed, implying geocentric, not      DESCRIPTION         
geodetic IONEX latitudes.                                   DESCRIPTION         
Note: These GIM results correspond to the results for the   DESCRIPTION         
middle day of a 3-day combination analysis solving for 73   DESCRIPTION         
times 256, or 18688 VTEC parameters and 3 sets of daily     DESCRIPTION         
satellite and receiver DCB constants.                       DESCRIPTION         
Contact address: code(at)aiub.unibe.ch                      DESCRIPTION         
Web page:        www.aiub.unibe.ch/content/ionosphere/      DESCRIPTION         
Data archive:    ftp.unibe.ch/aiub/CODE/                    DESCRIPTION         
                 www.aiub.unibe.ch/download/CODE/           DESCRIPTION         
  2016     1    10     0     0     0                        EPOCH OF FIRST MAP  
  2016     1    11     0     0     0                        EPOCH OF LAST MAP   
  3600                                                      INTERVAL            
    25                                                      # OF MAPS IN FILE   
  NONE                                                      MAPPING FUNCTION    
    10.0                                                    ELEVATION CUTOFF    
One-way carrier phase leveled to code                       OBSERVABLES USED    
[...]
chti chur cnmr coco cord cpxf crar cro1 daej darw dav1 dgar COMMENT             
dgav dhlg drao dubo ebre fair faiv fale flin flrs frdn func COMMENT             
ganp glsv gmsd gode godz gold gope gras graz guam guat guug COMMENT             
harb hers hert hlfx hnpt hob2 hofn holb holm hrao iddr ieng COMMENT             
iisc ineg invk iqal irkj isba ispa joz2 joze karr kat1 kely COMMENT             
kerg khar kir0 kiru kit3 kokb kokv kouc kour lama lhaz lmmf COMMENT             
lpal lpgs m0se mac1 madr mag0 mal2 mana mas1 mat1 mate maui COMMENT             
maw1 mbar mcil mcm4 mdvj mets mgue mizu mkea mnls mobj mobk COMMENT             
mobs monp morp mqzg mtka nano nico nist nium nklg nlib not1 COMMENT             
novm nrc1 nril nrmd nya1 ohi2 ohi3 onsa opmt pado palv park COMMENT             
pbr2 pbri pdel penc pert pfa2 pie1 pimo pol2 polv pots pove COMMENT             
prds ptag ptbb qaq1 quin rabt ramo rbay rcmn recf reso reun COMMENT             
reyk rio2 riop roth salu savo sch2 scor sey1 sfer shao smst COMMENT             
sofi spt0 sthl stjo stk2 str2 suth sutm sutv suwn sydn syog COMMENT             
tabl tabv tash thti thu2 thu3 tid1 tidb tixg tixi tlse tn22 COMMENT             
tow2 tro1 tsea tskb twtf txes uclu ufpr ulab unb3 unbj urum COMMENT             
usud vaco vald vill vtsp wab2 wgtn whit will wind wsrt wtza COMMENT             
wtzr wtzs wtzz xmis yakt yar2 yar3 yarr yell yibl ykro yssk COMMENT             
zamb zeck zim2 zimj zimm zwe2                               COMMENT             
                                                            END OF HEADER       
[from data line 9867]
    24                                                      START OF TEC MAP    
  2016     1    10    23     0     0                        EPOCH OF CURRENT MAP
    87.5-180.0 180.0   5.0 450.0                            LAT/LON1/LON2/DLON/H
   68   68   69   69   70   70   71   71   71   71   72   72   72   72   72   71
   71   71   70   70   69   69   68   68   67   67   66   65   65   64   64   64
   63   63   63   63   63   63   63   63   63   63   63   63   64   64   64   64
   64   64   65   65   65   65   65   65   65   65   65   65   65   65   65   65
   65   65   66   66   66   67   67   67   68
    85.0-180.0 180.0   5.0 450.0                            LAT/LON1/LON2/DLON/H
   64   65   67   68   69   71   72   73   74   75   75   76   76   76   75   75
   74   73   72   71   70   68   67   65   64   62   61   59   58   57   56   55
   55   54   54   54   54   55   55   56   57   58   58   59   60   61   61   62
   63   63   63   63   63   63   62   62   62   61   60   60   59   59   59   58
   58   58   59   59   60   61   62   63   64
    82.5-180.0 180.0   5.0 450.0                            LAT/LON1/LON2/DLON/H
   58   61   64   66   68   71   73   75   76   77   78   78   78   78   77   76
   75   74   72   70   68   66   63   61   58   56   53   51   49   47   46   45
   44   44   44   44   45   46   48   49   51   53   54   56   58   59   60   61
   62   62   62   62   62   61   60   59   58   57   55   54   52   51   50   49
   48   48   49   49   51   52   54   56   58
    80.0-180.0 180.0   5.0 450.0                            LAT/LON1/LON2/DLON/H
   54   58   62   65   69   72   75   77   79   80   80   80   79   78   77   75
   73   70   68   66   63   60   58   55   52   49   46   43   41   38   37   35
   35   35   35   36   38   40   42   44   47   50   52   54   56   58   59   60
   61   62   62   62   61   60   58   56   54   52   49   47   44   42   40   39
   38   38   38   39   41   44   47   50   54
    77.5-180.0 180.0   5.0 450.0                            LAT/LON1/LON2/DLON/H
   54   59   64   69   73   76   79   81   82   83   82   81   79   76   73   70
   67   63   61   58   56   54   51   49   47   44   41   38   35   33   31   29
   29   29   30   31   34   37   39   43   46   48   51   53   55   57   58   59
   60   60   60   59   58   57   55   53   50   47   44   40   37   34   31   29
   28   28   29   31   35   38   43   48   54
    75.0-180.0 180.0   5.0 450.0                            LAT/LON1/LON2/DLON/H
   58   65   71   76   81   84   87   88   89   88   86   82   78   73   68   63
   58   54   50   48   47   46   45   44   43   41   39   36   33   31   29   27
   27   27   29   31   34   37   40   43   46   48   50   52   53   54   55   55
   55   56   55   55   54   53   51   49   46   43   39   35   31   27   24   22
   21   22   24   27   32   38   44   51   58
    72.5-180.0 180.0   5.0 450.0                            LAT/LON1/LON2/DLON/H
   68   75   82   87   92   95   97   98   97   95   92   86   79   72   63   55
   48   43   39   37   37   38   39   41   41   41   40   38   35   33   30   29
   29   29   31   33   36   39   41   44   46   47   48   49   49   49   49   49
   49   49   49   49   49   48   47   45   42   39   35   31   27   23   20   18
   18   19   22   27   34   42   50   59   68
    70.0-180.0 180.0   5.0 450.0                            LAT/LON1/LON2/DLON/H
   80   88   95  100  104  107  108  109  108  105  100   93   84   73   62   51
   42   34   30   28   29   32   35   39   41   42   42   41   38   36   34   32
   32   32   34   36   38   40   42   44   44   45   44   43   42   41   41   40
   40   40   41   41   42   42   42   40   39   36   33   29   25   22   19   18
   18   20   25   31   40   50   60   70   80
    67.5-180.0 180.0   5.0 450.0                            LAT/LON1/LON2/DLON/H
   92  100  106  111  114  117  118  119  119  116  111  104   93   80   66   52
   40   31   25   23   25   28   33   38   42   44   44   43   41   38   36   34
   34   34   35   37   38   40   40   41   40   39   37   36   34   32   31   30
   30   31   32   34   35   36   37   37   36   34   31   28   25   22   21   20
   21   24   30   38   48   59   71   82   92
    65.0-180.0 180.0   5.0 450.0                            LAT/LON1/LON2/DLON/H
  102  110  115  119  122  124  126  128  129  128  124  116  105   92   76   60
   46   34   27   24   24   28   32   37   41   43   43   42   40   37   35   34
   33   34   34   35   36   36   36   34   33   31   29   27   25   23   22   21
   22   23   25   27   30   32   34   34   34   33   31   28   26   25   24   25
   27   32   38   47   58   69   81   93  102
    62.5-180.0 180.0   5.0 450.0                            LAT/LON1/LON2/DLON/H
  110  116  121  124  126  129  132  135  137  138  136  130  120  106   90   73
   58   45   35   30   29   30   33   36   38   39   38   37   34   32   31   30
   29   30   30   31   31   30   29   27   25   23   21   20   18   17   16   16
   16   18   20   23   27   30   32   33   33   32   31   29   29   29   30   32
   36   41   49   58   68   80   91  101  110
    60.0-180.0 180.0   5.0 450.0                            LAT/LON1/LON2/DLON/H
  116  121  125  128  131  134  138  142  146  148  147  143  134  122  107   91
   75   61   50   42   37   35   35   35   34   33   31   28   26   24   24   23
   24   25   25   25   25   24   22   20   19   18   17   16   16   15   15   14
   15   16   19   22   26   30   33   34   34   33   32   31   31   33   37   41
   47   54   61   70   80   90  100  109  116
    57.5-180.0 180.0   5.0 450.0                            LAT/LON1/LON2/DLON/H
  123  128  131  135  138  142  147  151  155  158  157  153  146  136  123  108
   94   80   67   56   48   42   37   33   29   26   22   19   17   17   17   18
   19   20   21   21   21   20   19   17   17   17   18   19   20   20   19   19
   18   19   21   25   29   33   36   37   37   35   33   32   34   38   44   51
   60   68   76   85   94  102  110  117  123
    55.0-180.0 180.0   5.0 450.0                            LAT/LON1/LON2/DLON/H
  133  137  142  147  152  157  162  166  168  169  167  162  155  146  136  124
  111   98   84   71   60   50   41   34   27   21   17   14   12   12   13   15
   17   19   20   21   21   20   20   19   20   21   24   27   29   30   29   28
   27   26   27   29   33   37   41   42   41   38   35   34   36   42   51   61
   73   83   93  102  110  116  123  128  133
    52.5-180.0 180.0   5.0 450.0                            LAT/LON1/LON2/DLON/H
  146  152  158  165  172  178  183  186  186  183  178  170  162  153  145  135
  124  112   98   84   70   58   47   38   29   22   17   14   13   14   15   17
   19   21   23   25   26   26   26   26   28   31   35   39   43   44   44   42
   39   36   35   36   39   43   47   48   46   42   38   36   38   45   57   71
   86   99  110  119  127  133  138  142  146
    50.0-180.0 180.0   5.0 450.0                            LAT/LON1/LON2/DLON/H
  162  169  178  187  197  204  208  209  206  200  190  179  168  159  151  143
  133  121  107   93   79   67   56   47   38   31   26   23   21   22   22   24
   26   28   30   33   34   35   35   36   38   42   48   54   58   61   60   58
   53   49   45   44   46   50   53   55   53   48   42   39   41   49   63   80
   97  113  126  136  144  150  154  158  162
    47.5-180.0 180.0   5.0 450.0                            LAT/LON1/LON2/DLON/H
  179  186  197  209  220  228  232  232  227  217  204  190  177  166  157  148
  138  125  112   99   87   77   69   61   54   47   42   38   36   34   34   34
   35   37   39   42   44   45   45   46   49   53   60   67   73   76   77   74
   69   63   57   54   53   56   60   62   60   54   48   43   45   54   69   88
  107  124  139  151  160  166  170  174  179
    45.0-180.0 180.0   5.0 450.0                            LAT/LON1/LON2/DLON/H
  191  199  210  223  234  242  246  246  241  231  218  203  188  175  164  153
  141  127  114  103   95   89   85   80   74   68   62   57   53   49   46   44
   44   45   48   51   53   54   54   54   56   61   69   77   84   89   91   89
   84   77   69   63   61   62   66   68   67   62   54   50   51   60   76   95
  114  132  147  160  170  178  183  187  191
    42.5-180.0 180.0   5.0 450.0                            LAT/LON1/LON2/DLON/H
  198  205  214  225  235  241  244  245  243  238  228  215  201  188  175  161
  145  130  116  108  104  103  102   99   94   88   81   74   67   61   56   52
   51   52   54   57   60   60   59   59   60   65   73   83   91   98  101  101
   98   91   82   73   68   67   71   73   73   68   62   58   59   68   83  101
  120  136  151  165  176  185  191  195  198
    40.0-180.0 180.0   5.0 450.0                            LAT/LON1/LON2/DLON/H
  200  203  209  215  220  223  224  227  230  232  231  225  215  204  190  172
  153  134  121  115  115  118  119  117  111  102   94   85   76   68   61   56
   55   56   59   62   64   63   62   60   62   66   74   84   94  102  107  110
  109  103   93   82   74   71   73   76   77   74   69   66   69   78   92  108
  124  139  152  165  178  188  195  198  200
    37.5-180.0 180.0   5.0 450.0                            LAT/LON1/LON2/DLON/H
  198  197  197  197  195  192  190  194  203  215  224  228  226  219  205  186
  163  143  130  126  128  132  133  128  118  107   97   87   78   70   63   59
   58   60   63   66   67   66   63   62   62   66   74   84   93  102  110  115
  116  112  102   89   79   74   74   76   78   76   74   74   78   88  102  116
  130  141  152  164  178  189  197  199  198
    35.0-180.0 180.0   5.0 450.0                            LAT/LON1/LON2/DLON/H
  200  194  189  182  171  159  152  155  169  190  210  224  231  230  219  200
  176  154  142  139  142  144  140  130  116  102   91   82   75   69   64   62
   62   65   69   71   72   70   68   66   66   69   76   84   92  101  109  116
  120  117  108   94   81   74   72   73   75   75   76   79   87   99  113  126
  137  146  155  166  180  193  202  204  200
    32.5-180.0 180.0   5.0 450.0                            LAT/LON1/LON2/DLON/H
  212  203  194  181  162  141  126  124  139  164  192  215  230  235  229  211
  188  167  156  154  155  152  141  123  104   89   79   74   72   70   69   70
   72   76   79   81   81   79   77   75   75   77   82   87   93   99  106  114
  120  118  109   95   81   72   68   68   69   70   74   82   94  109  123  136
  146  155  163  174  189  204  215  217  212
    30.0-180.0 180.0   5.0 450.0                            LAT/LON1/LON2/DLON/H
  239  231  220  205  181  152  127  118  127  151  179  205  224  234  232  218
  197  179  170  167  164  154  135  111   89   74   68   70   74   79   82   86
   89   93   95   95   95   95   94   92   91   91   93   95   96   99  104  110
  116  115  107   93   79   68   63   61   60   63   70   82   99  116  133  147
  159  168  178  191  208  225  239  243  239
    27.5-180.0 180.0   5.0 450.0                            LAT/LON1/LON2/DLON/H
  283  279  273  261  237  202  168  147  146  160  181  202  220  231  231  219
  202  187  180  176  168  150  124   97   76   65   66   76   88   98  106  111
  114  116  116  115  114  115  116  115  113  111  108  105  102  100  101  105
  109  109  101   87   73   63   57   53   51   54   63   80  100  122  141  158
  173  187  201  216  236  257  275  283  283
    25.0-180.0 180.0   5.0 450.0                            LAT/LON1/LON2/DLON/H
  341  345  349  345  327  291  250  217  202  200  206  215  224  230  229  219
  204  192  186  180  166  143  114   88   73   70   79   96  114  129  139  143
  143  141  138  136  135  137  140  141  138  132  125  118  109  102   99  100
  102  100   91   79   67   57   51   46   43   46   57   76  101  125  148  169
  189  209  228  248  272  298  320  334  341
    22.5-180.0 180.0   5.0 450.0                            LAT/LON1/LON2/DLON/H
  405  420  436  447  439  409  365  322  291  271  257  247  242  238  232  220
  206  195  189  179  161  135  109   91   85   92  108  130  151  168  176  177
  172  166  158  154  153  158  163  164  160  152  141  129  117  105   98   95
   94   90   81   69   59   52   47   42   38   40   52   74  101  128  154  179
  206  232  258  283  311  341  369  390  405
    20.0-180.0 180.0   5.0 450.0                            LAT/LON1/LON2/DLON/H
  463  489  520  547  555  534  493  446  403  366  331  301  278  260  245  228
  211  199  190  177  156  131  113  107  115  131  151  173  193  207  211  206
  196  183  172  165  165  171  179  181  177  167  153  138  123  109   99   92
   87   80   71   60   53   48   45   41   38   39   51   74  102  132  160  189
  222  255  286  316  347  381  413  440  463
    17.5-180.0 180.0   5.0 450.0                            LAT/LON1/LON2/DLON/H
  505  539  582  625  649  643  610  564  517  468  419  370  329  297  270  245
  224  208  194  177  155  135  129  139  159  181  200  217  230  237  235  225
  209  191  176  168  168  176  185  189  185  174  160  144  128  113  101   91
   83   74   63   54   48   47   47   44   41   43   54   77  106  137  167  199
  236  274  309  342  376  412  447  477  505
    15.0-180.0 180.0   5.0 450.0                            LAT/LON1/LON2/DLON/H
  524  560  610  664  703  711  690  654  610  560  504  444  390  345  307  272
  244  223  204  183  161  148  156  182  212  234  246  251  254  254  246  230
  210  190  173  163  163  171  181  187  184  174  161  146  131  117  104   93
   83   71   59   51   48   49   51   50   48   50   61   83  113  145  176  210
  248  288  326  360  395  431  466  496  524
    12.5-180.0 180.0   5.0 450.0                            LAT/LON1/LON2/DLON/H
  519  551  600  657  704  724  718  695  664  623  570  509  450  397  349  307
  272  245  221  197  177  173  193  230  265  280  278  269  260  252  240  223
  202  182  165  154  153  160  170  177  176  169  158  147  134  122  110   98
   86   73   61   53   51   53   57   58   58   59   70   91  122  154  186  220
  257  297  335  369  402  437  470  496  519
    10.0-180.0 180.0   5.0 450.0                            LAT/LON1/LON2/DLON/H
  495  516  555  608  655  683  689  682  669  644  604  552  496  442  391  344
  304  273  246  220  202  206  236  278  309  312  292  267  249  236  224  209
  191  174  158  147  143  148  157  163  165  162  156  149  140  129  118  106
   93   80   68   61   59   61   64   66   66   69   79  100  131  164  197  229
  264  302  337  369  401  432  461  481  495
     7.5-180.0 180.0   5.0 450.0                            LAT/LON1/LON2/DLON/H
  462  468  491  531  572  599  613  621  626  622  602  565  520  472  423  377
  336  304  276  251  236  245  279  319  339  325  288  250  226  213  205  195
  183  171  159  147  140  140  145  152  156  157  157  154  148  140  129  117
  104   91   80   73   70   70   71   72   73   76   86  108  139  174  206  237
  268  302  335  364  393  423  447  459  462
     5.0-180.0 180.0   5.0 450.0                            LAT/LON1/LON2/DLON/H
  431  422  428  449  477  498  514  531  551  566  566  549  520  483  442  401
  364  334  308  285  274  286  318  350  354  322  270  225  200  193  191  189
  185  180  170  157  145  139  140  146  152  158  162  163  160  153  143  130
  117  105   95   88   83   79   76   75   75   79   91  113  146  181  214  242
  270  299  329  357  385  412  433  439  431
     2.5-180.0 180.0   5.0 450.0                            LAT/LON1/LON2/DLON/H
  414  394  382  386  398  409  421  440  468  496  512  512  498  476  446  414
  384  359  338  321  314  325  351  370  357  309  249  203  185  185  192  197
  201  200  193  178  161  149  144  148  156  165  173  177  175  168  158  145
  132  121  112  105   96   86   77   72   73   79   92  116  150  187  219  245
  269  295  322  350  377  405  425  429  414
