RECF/CODG0100.16I
     1.0            IONOSPHERE MAPS     GNSS                IONEX VERSION / TYPE
ADDNEQ2 V5.3        AIUB                14-JAN-16 20:01     PGM / RUN BY / DATE 
CODE'S GLOBAL IONOSPHERE MAPS FOR DAY 010, 2016             COMMENT             
Global ionosphere maps (GIM) are generated on a daily basis DESCRIPTION         
at CODE using data from about 300 GNSS sites of the IGS and DESCRIPTION         
other institutions. The vertical total electron content     DESCRIPTION         
(VTEC) is modeled in a solar-geomagnetic reference frame    DESCRIPTION         
using a spherical harmonics expansion up to degree and      DESCRIPTION         
order 15. Piece-wise linear functions are used for          DESCRIPTION         
representation in the time domain. The time spacing of      DESCRIPTION         
their vertices is 1 hour, conforming with the epochs of the DESCRIPTION         
VTEC maps. Instrumental biases, so-called differential      DESCRIPTION         
P1-P2 code biases (DCB), for all GNSS satellites and ground DESCRIPTION         
stations are estimated as constant values for each day,     DESCRIPTION         
simultaneously with the 25 times 256, or 6400 parameters    DESCRIPTION         
used to represent the global VTEC distribution. The DCB     DESCRIPTION         
datum is defined by a zero-mean condition imposed on the    DESCRIPTION         
satellite bias estimates. P1-C1 bias corrections are taken  DESCRIPTION         
into account if needed. To convert line-of-sight TEC into   DESCRIPTION         
vertical TEC, a modified single-layer model mapping         DESCRIPTION         
function approximating the JPL extended slab model mapping  DESCRIPTION         
function is adopted. The mapping function is evaluated at   DESCRIPTION         
geodetic satellite elevation angles. For the computation of DESCRIPTION         
the ionospheric pierce points, a spherical layer with a     DESCRIPTION         
radius of 6821 km is assumed, implying geocentric, not      DESCRIPTION         
geodetic IONEX latitudes.                                   DESCRIPTION         
Note: These GIM results correspond to the results for the   DESCRIPTION         
middle day of a 3-day combination analysis solving for 73   DESCRIPTION         
times 256, or 18688 VTEC parameters and 3 sets of daily     DESCRIPTION         
satellite and receiver DCB constants.                       DESCRIPTION         
Contact address: code(at)aiub.unibe.ch                      DESCRIPTION         
Web page:        www.aiub.unibe.ch/content/ionosphere/      DESCRIPTION         
Data archive:    ftp.unibe.ch/aiub/CODE/                    DESCRIPTION         
                 www.aiub.unibe.ch/download/CODE/           DESCRIPTION         
  2016     1    10     0     0     0                        EPOCH OF FIRST MAP  
  2016     1    11     0     0     0                        EPOCH OF LAST MAP   
  3600                                                      INTERVAL            
    25                                                      # OF MAPS IN FILE   
  NONE                                                      MAPPING FUNCTION    
    10.0                                                    ELEVATION CUTOFF    
One-way carrier phase leveled to code                       OBSERVABLES USED    
[...]
chti chur cnmr coco cord cpxf crar cro1 daej darw dav1 dgar COMMENT             
dgav dhlg drao dubo ebre fair faiv fale flin flrs frdn func COMMENT             
ganp glsv gmsd gode godz gold gope gras graz guam guat guug COMMENT             
harb hers hert hlfx hnpt hob2 hofn holb holm hrao iddr ieng COMMENT             
iisc ineg invk iqal irkj isba ispa joz2 joze karr kat1 kely COMMENT             
kerg khar kir0 kiru kit3 kokb kokv kouc kour lama lhaz lmmf COMMENT             
lpal lpgs m0se mac1 madr mag0 mal2 mana mas1 mat1 mate maui COMMENT             
maw1 mbar mcil mcm4 mdvj mets mgue mizu mkea mnls mobj mobk COMMENT             
mobs monp morp mqzg mtka nano nico nist nium nklg nlib not1 COMMENT             
novm nrc1 nril nrmd nya1 ohi2 ohi3 onsa opmt pado palv park COMMENT             
pbr2 pbri pdel penc pert pfa2 pie1 pimo pol2 polv pots pove COMMENT             
prds ptag ptbb qaq1 quin rabt ramo rbay rcmn recf reso reun COMMENT             
reyk rio2 riop roth salu savo sch2 scor sey1 sfer shao smst COMMENT             
sofi spt0 sthl stjo stk2 str2 suth sutm sutv suwn sydn syog COMMENT             
tabl tabv tash thti thu2 thu3 tid1 tidb tixg tixi tlse tn22 COMMENT             
tow2 tro1 tsea tskb twtf txes uclu ufpr ulab unb3 unbj urum COMMENT             
usud vaco vald vill vtsp wab2 wgtn whit will wind wsrt wtza COMMENT             
wtzr wtzs wtzz xmis yakt yar2 yar3 yarr yell yibl ykro yssk COMMENT             
zamb zeck zim2 zimj zimm zwe2                               COMMENT             
                                                            END OF HEADER       
[from data line 7722]
    19                                                      START OF TEC MAP    
  2016     1    10    18     0     0                        EPOCH OF CURRENT MAP
    87.5-180.0 180.0   5.0 450.0                            LAT/LON1/LON2/DLON/H
   46   46   46   47   47   47   48   48   48   49   49   49   50   50   50   50
   50   50   51   51   51   51   50   50   50   50   50   50   50   50   50   50
   50   50   50   50   50   50   50   50   50   49   49   49   49   49   49   48
   48   48   48   47   47   47   47   46   46   46   46   45   45   45   45   45
   45   45   45   45   45   45   45   46   46
    85.0-180.0 180.0   5.0 450.0                            LAT/LON1/LON2/DLON/H
   42   42   43   44   45   46   47   48   49   50   51   51   52   53   53   54
   54   54   54   54   53   53   52   52   51   50   49   49   48   48   48   47
   48   48   48   48   49   49   49   50   50   50   50   50   49   49   48   48
   47   46   46   45   44   44   43   43   42   42   41   41   41   40   40   40
   40   40   40   40   40   40   41   41   42
    82.5-180.0 180.0   5.0 450.0                            LAT/LON1/LON2/DLON/H
   38   38   40   41   42   44   46   47   49   51   53   55   56   58   59   60
   61   61   60   60   59   57   56   54   51   49   47   46   44   43   42   42
   42   43   44   45   46   47   48   49   49   49   49   49   48   47   46   45
   44   42   41   40   39   39   38   37   37   36   36   36   35   35   35   35
   35   35   35   35   35   36   36   37   38
    80.0-180.0 180.0   5.0 450.0                            LAT/LON1/LON2/DLON/H
   34   35   36   38   40   42   44   47   50   52   55   58   61   64   66   68
   69   70   70   69   67   65   62   58   54   50   46   42   39   37   35   35
   35   36   37   40   42   44   46   47   48   48   48   47   45   43   41   39
   37   36   34   33   32   32   31   31   31   31   31   31   31   31   31   30
   30   30   30   30   31   31   32   33   34
    77.5-180.0 180.0   5.0 450.0                            LAT/LON1/LON2/DLON/H
   31   32   34   36   38   40   43   46   49   53   57   61   65   68   72   75
   78   80   80   80   78   75   71   66   60   53   46   40   35   31   28   26
   27   28   30   34   37   40   43   44   45   45   44   42   40   37   34   31
   29   27   26   25   24   25   25   26   26   27   27   28   28   28   27   27
   27   27   27   27   28   28   29   30   31
    75.0-180.0 180.0   5.0 450.0                            LAT/LON1/LON2/DLON/H
   30   31   33   34   36   38   40   44   47   52   56   61   65   70   75   80
   85   88   91   92   91   89   84   77   69   60   51   42   34   27   22   20
   19   21   24   28   32   36   39   41   41   41   39   36   32   28   25   22
   19   18   17   17   18   19   21   22   24   25   26   26   26   26   26   25
   25   25   25   25   26   27   28   29   30
    72.5-180.0 180.0   5.0 450.0                            LAT/LON1/LON2/DLON/H
   32   32   32   33   34   35   38   41   45   49   53   58   63   69   75   81
   88   94   99  103  104  103   99   92   82   71   59   47   37   28   21   17
   15   16   19   23   27   31   34   36   36   35   32   28   23   19   15   12
   11   10   10   12   14   16   19   22   24   26   27   27   27   26   25   24
   23   23   24   25   26   28   29   31   32
    70.0-180.0 180.0   5.0 450.0                            LAT/LON1/LON2/DLON/H
   34   34   33   32   32   33   34   37   41   45   50   54   59   65   71   79
   87   96  105  111  116  116  113  107   97   85   71   58   45   34   25   19
   16   15   16   20   23   27   29   30   30   27   23   19   15   11    7    5
    5    5    7    9   13   16   20   24   26   28   29   29   29   27   25   24
   22   22   23   25   27   30   32   34   34
    67.5-180.0 180.0   5.0 450.0                            LAT/LON1/LON2/DLON/H
   38   37   35   32   30   30   31   34   38   43   47   51   55   60   66   74
   84   96  107  117  124  127  126  120  111   99   85   70   57   44   34   26
   20   17   17   18   20   22   24   24   22   20   16   12    8    5    3    2
    3    4    7   11   15   19   23   27   30   32   32   32   31   28   26   23
   22   22   23   25   29   33   36   38   38
    65.0-180.0 180.0   5.0 450.0                            LAT/LON1/LON2/DLON/H
   43   41   36   32   28   27   28   32   37   42   47   50   53   57   62   71
   82   95  108  121  130  135  135  130  122  110   98   84   71   58   47   37
   29   23   20   18   18   18   18   18   16   13   10    7    4    3    2    3
    5    7   10   14   18   22   26   30   33   34   35   34   32   30   27   24
   22   22   23   27   31   37   41   43   43
    62.5-180.0 180.0   5.0 450.0                            LAT/LON1/LON2/DLON/H
   48   44   38   32   27   25   27   32   39   45   51   54   57   59   63   71
   82   96  111  125  135  140  140  136  128  118  108   97   85   74   62   51
   41   32   25   20   17   16   14   13   11    9    7    6    5    6    7    9
   11   13   16   18   21   25   28   31   34   36   36   36   34   31   28   25
   23   22   24   29   34   41   46   49   48
    60.0-180.0 180.0   5.0 450.0                            LAT/LON1/LON2/DLON/H
   53   48   40   33   27   26   29   35   44   53   60   64   65   67   70   77
   88  102  116  129  138  142  141  136  129  121  114  106   98   89   78   66
   53   41   31   23   18   14   13   11   10    9    9    9   11   13   15   18
   19   21   22   23   24   26   29   32   35   36   37   37   35   33   30   27
   25   25   27   31   38   45   51   54   53
    57.5-180.0 180.0   5.0 450.0                            LAT/LON1/LON2/DLON/H
   56   51   43   35   30   29   34   43   54   64   73   78   80   81   84   90
  100  113  126  136  142  143  139  133  126  121  116  112  108  101   92   80
   65   51   38   28   20   16   13   12   12   13   15   17   21   24   27   29
   29   29   28   27   27   28   30   33   35   37   38   38   37   36   33   31
   29   28   30   34   41   48   54   57   56
    55.0-180.0 180.0   5.0 450.0                            LAT/LON1/LON2/DLON/H
   58   53   46   40   36   37   43   54   66   79   88   94   97   99  102  108
  117  128  138  144  146  143  136  128  122  118  116  116  115  110  102   90
   75   59   45   33   25   20   18   17   18   21   24   28   33   37   40   41
   40   37   34   32   30   31   33   35   38   40   41   41   40   39   38   36
   34   33   34   38   43   50   56   59   58
    52.5-180.0 180.0   5.0 450.0                            LAT/LON1/LON2/DLON/H
   58   55   50   46   45   48   56   68   81   94  104  111  116  119  123  128
  136  145  151  154  151  144  134  125  119  116  117  118  119  116  108   97
   82   66   51   39   31   26   24   25   27   30   35   40   46   50   52   52
   50   46   42   39   37   37   38   41   43   44   45   45   45   44   43   42
   40   39   39   41   45   51   56   59   58
    50.0-180.0 180.0   5.0 450.0                            LAT/LON1/LON2/DLON/H
   57   56   55   55   57   63   72   84   96  108  118  126  132  137  142  148
  154  161  164  163  156  146  135  125  120  118  119  121  121  118  110   99
   85   71   57   46   39   34   33   34   36   40   46   52   57   61   63   62
   60   56   52   48   46   46   47   49   51   52   52   51   50   50   49   48
   46   44   43   44   46   50   54   57   57
    47.5-180.0 180.0   5.0 450.0                            LAT/LON1/LON2/DLON/H
   55   56   58   63   70   79   89  100  110  120  130  138  145  152  158  164
  170  174  175  171  162  151  139  131  126  125  125  125  123  117  109   97
   85   73   62   53   47   43   42   43   45   49   55   61   66   69   71   70
   69   66   63   60   59   59   59   61   61   61   59   58   56   56   55   54
   52   49   47   46   47   49   52   53   55
    45.0-180.0 180.0   5.0 450.0                            LAT/LON1/LON2/DLON/H
   51   55   61   71   82   94  104  114  122  129  138  146  155  163  170  176
  181  184  183  178  169  158  148  141  137  135  134  130  124  115  104   93
   83   74   66   59   55   52   51   51   52   56   61   67   71   75   76   77
   77   76   75   74   73   72   72   71   71   69   66   64   62   61   60   59
   57   53   50   48   48   48   49   50   51
    42.5-180.0 180.0   5.0 450.0                            LAT/LON1/LON2/DLON/H
   48   53   62   76   91  105  116  124  130  136  143  152  162  172  180  185
  189  191  190  185  178  169  160  154  150  148  144  136  125  112   99   89
   80   74   69   65   62   60   58   57   58   61   65   70   74   77   79   82
   84   86   87   87   86   84   82   79   77   74   71   68   67   66   65   63
   61   57   53   50   49   48   47   47   48
    40.0-180.0 180.0   5.0 450.0                            LAT/LON1/LON2/DLON/H
   46   51   62   78   96  112  123  131  136  141  147  157  168  179  187  192
  195  196  196  193  188  181  174  168  164  160  153  142  127  111   96   86
   80   76   74   72   70   68   66   64   63   65   69   73   77   80   82   86
   90   95   97   97   94   91   87   82   78   75   72   70   69   69   69   67
   64   60   56   52   50   48   47   45   46
    37.5-180.0 180.0   5.0 450.0                            LAT/LON1/LON2/DLON/H
   45   49   61   77   96  113  126  134  139  144  152  162  175  186  194  198
  200  201  203  202  199  193  186  179  174  168  159  146  130  113   98   88
   84   82   81   80   78   76   74   71   70   71   74   78   81   83   86   90
   96  101  103  102   98   92   86   80   75   72   70   69   70   71   72   71
   68   63   58   54   52   50   48   45   45
    35.0-180.0 180.0   5.0 450.0                            LAT/LON1/LON2/DLON/H
   45   49   59   75   93  110  124  133  140  147  156  168  182  193  200  203
  204  206  209  211  210  204  195  186  178  171  163  151  137  121  107   99
   94   93   92   90   89   87   84   81   80   80   83   86   89   90   93   97
  102  106  106  102   95   88   80   74   69   66   65   67   69   72   74   74
   71   66   61   57   55   53   50   47   45
    32.5-180.0 180.0   5.0 450.0                            LAT/LON1/LON2/DLON/H
   47   49   58   73   89  106  120  132  142  151  162  175  188  199  205  206
  206  208  213  217  217  210  199  187  177  170  165  159  149  138  127  119
  114  111  108  105  103  101   99   96   94   94   96   99  101  102  103  105
  108  109  105   98   89   80   73   67   62   60   61   64   68   72   76   77
   74   69   63   59   57   55   53   49   47
    30.0-180.0 180.0   5.0 450.0                            LAT/LON1/LON2/DLON/H
   49   51   59   72   87  103  118  132  145  156  168  181  194  203  206  205
  204  206  212  217  217  210  197  183  173  169  170  172  170  165  157  150
  144  138  131  125  121  119  117  115  113  113  114  117  118  117  116  117
  116  112  104   93   82   74   68   63   60   58   60   63   68   73   77   79
   77   72   65   60   58   57   55   52   49
    27.5-180.0 180.0   5.0 450.0                            LAT/LON1/LON2/DLON/H
   52   55   63   75   89  104  119  135  150  163  175  187  198  204  205  201
  198  198  204  210  211  203  190  177  170  172  181  193  201  202  198  191
  182  172  161  151  144  140  139  137  135  134  136  137  136  134  132  130
  125  116  103   89   78   72   69   66   63   62   62   65   68   72   76   79
   79   74   67   61   59   58   56   54   52
    25.0-180.0 180.0   5.0 450.0                            LAT/LON1/LON2/DLON/H
   54   59   69   82   96  110  126  144  160  173  184  193  201  205  202  195
  188  186  190  196  197  192  182  174  173  183  202  224  240  247  245  237
  226  211  195  180  170  165  162  160  158  157  157  157  155  151  147  142
  135  122  105   89   79   76   76   76   74   71   69   69   70   72   75   78
   79   75   68   62   59   57   56   54   54
    22.5-180.0 180.0   5.0 450.0                            LAT/LON1/LON2/DLON/H
   55   62   76   92  108  123  140  158  175  188  196  202  206  207  201  191
  180  174  175  179  182  181  178  178  186  206  234  263  285  295  294  285
  271  252  231  212  197  189  185  182  178  176  175  173  169  163  158  153
  144  129  110   94   86   86   90   91   88   84   79   75   72   71   72   75
   77   75   69   62   58   56   55   53   55
    20.0-180.0 180.0   5.0 450.0                            LAT/LON1/LON2/DLON/H
   55   66   84  105  124  142  159  179  196  207  213  216  218  216  208  194
  179  168  165  168  172  177  183  194  213  241  275  308  331  340  338  328
  312  291  267  243  224  212  205  199  194  190  187  182  176  169  164  159
  151  135  116  101   96   99  106  108  104   97   89   82   75   70   68   71
   74   73   69   63   58   56   53   52   55
    17.5-180.0 180.0   5.0 450.0                            LAT/LON1/LON2/DLON/H
   54   68   92  118  142  163  183  203  221  233  238  239  240  237  227  210
  192  177  170  170  176  186  202  224  253  287  322  352  371  377  372  361
  345  324  298  271  248  231  220  211  204  197  191  184  175  167  163  160
  154  141  124  111  108  113  120  122  117  108   98   87   77   68   64   66
   69   70   68   63   59   56   53   50   54
    15.0-180.0 180.0   5.0 450.0                            LAT/LON1/LON2/DLON/H
   53   70   98  131  160  184  206  229  250  264  270  273  273  271  262  245
  224  207  197  194  200  214  238  268  302  336  367  390  402  401  393  381
  367  348  323  295  268  246  230  217  207  199  190  179  168  159  156  156
  155  145  131  120  118  124  131  131  124  114  102   91   79   68   61   61
   64   67   67   65   62   58   53   50   53
    12.5-180.0 180.0   5.0 450.0                            LAT/LON1/LON2/DLON/H
   54   72  103  141  175  203  229  255  279  298  309  315  319  319  312  297
  277  260  248  244  248  263  289  321  355  384  406  417  418  411  400  390
  379  365  342  314  284  258  237  220  207  196  185  171  157  147  146  151
  153  148  138  128  127  132  136  134  125  114  103   92   81   69   60   58
   60   64   66   66   64   61   56   51   54
    10.0-180.0 180.0   5.0 450.0                            LAT/LON1/LON2/DLON/H
   57   75  108  148  186  217  246  277  307  333  350  362  371  375  373  362
  347  333  322  317  318  329  351  378  405  424  433  432  423  410  398  390
  384  375  357  331  299  269  243  222  207  193  180  163  147  137  138  146
  153  152  144  136  133  136  137  132  122  111  101   93   84   73   63   57
   58   61   64   66   67   65   59   54   57
     7.5-180.0 180.0   5.0 450.0                            LAT/LON1/LON2/DLON/H
   61   79  112  154  193  227  259  294  331  364  389  408  423  432  435  431
  423  415  409  403  400  403  415  432  446  452  447  435  418  402  392  388
  388  384  370  346  314  281  251  227  209  194  178  161  143  134  137  148
  158  159  152  144  140  139  137  130  119  108  100   95   89   80   69   61
   58   60   63   66   68   68   64   59   61
     5.0-180.0 180.0   5.0 450.0                            LAT/LON1/LON2/DLON/H
   68   86  118  158  198  233  267  305  347  387  420  446  466  481  490  493
  494  495  494  490  482  475  473  475  474  466  450  430  411  397  390  391
  394  394  384  362  331  296  263  236  216  200  184  166  149  141  146  158
  169  171  164  154  148  144  140  131  119  108  103  101   98   91   80   69
   62   61   63   66   69   70   68   65   68
     2.5-180.0 180.0   5.0 450.0                            LAT/LON1/LON2/DLON/H
   77   94  125  164  201  235  270  310  356  401  440  470  494  513  527  537
  547  557  563  562  550  533  517  502  487  468  446  426  410  401  399  403
  408  409  401  380  350  314  279  250  229  213  198  180  165  160  166  179
  189  189  180  168  159  154  148  139  126  116  110  111  111  107   95   82
   71   65   64   66   69   71   71   72   77
